  Welcome to PTAM 
  --------------- 
  Parallel tracking and mapping for Small AR workspaces
  Copyright (C) Isis Innovation Limited 2008 

  Parsing settings.cfg ....
  VideoSource_Linux: Opening video source...
>   ... got video source.
  ARDriver: Creating FBO...  .. created FBO.
  MapMaker: made initial map with 248 points.
CONTOUR
0.98446 0.0421254 -0.170479 -0.500493
0.101194 -0.929495 0.354681 -0.526114
-0.143518 -0.366421 -0.919314 2.85594

CONTOUR
0.991461 0.065765 -0.112606 -0.498225
0.105009 -0.914636 0.390403 -0.546136
-0.0773187 -0.398894 -0.913732 2.86898

CONTOUR
0.989632 0.0880245 -0.113488 -0.486737
0.120333 -0.939546 0.320582 -0.562837
-0.0784079 -0.330915 -0.940398 2.84063

CONTOUR
0.986943 0.0734315 -0.143358 -0.47034
0.121608 -0.923325 0.364257 -0.572292
-0.105618 -0.376934 -0.920199 2.84978

CONTOUR
0.98659 0.0810736 -0.141657 -0.419601
0.119934 -0.948779 0.292291 -0.579984
-0.110704 -0.305361 -0.94578 2.84847

CONTOUR
0.992148 0.075923 -0.099387 -0.445096
0.102181 -0.950297 0.294098 -0.642079
-0.0721184 -0.301945 -0.950594 3.06649

CONTOUR
0.99025 0.10359 -0.0931319 -0.420325
0.125905 -0.951644 0.280217 -0.647368
-0.0596007 -0.289211 -0.955408 3.14004

CONTOUR
0.990771 0.106009 -0.0844715 -0.38192
0.125194 -0.954557 0.270458 -0.666406
-0.0519618 -0.278537 -0.959019 3.23724

CONTOUR
0.988495 0.12525 -0.0847915 -0.372179
0.143408 -0.9543 0.262192 -0.68101
-0.048077 -0.271336 -0.961283 3.32947

CONTOUR
0.989441 0.125659 -0.0722216 -0.32992
0.139433 -0.961274 0.237722 -0.675134
-0.0395529 -0.245282 -0.968645 3.34163

CONTOUR
0.989102 0.129912 -0.0692842 -0.30226
0.142116 -0.965396 0.218665 -0.661678
-0.0384793 -0.226129 -0.973337 3.31735

CONTOUR
0.989795 0.134712 -0.0464699 -0.303912
0.141618 -0.966148 0.215645 -0.689275
-0.0158469 -0.220025 -0.975365 3.42352

CONTOUR
0.989738 0.136804 -0.0412618 -0.290094
0.142359 -0.96895 0.202161 -0.693566
-0.0123242 -0.20596 -0.978483 3.41991

CONTOUR
0.989976 0.138169 -0.0292581 -0.292396
0.141133 -0.975605 0.168153 -0.697113
-0.0053108 -0.170597 -0.985327 3.43851

CONTOUR
0.992157 0.123355 0.0202059 -0.28696
0.117102 -0.973796 0.194955 -0.697523
0.0437253 -0.19106 -0.980604 3.40889

CONTOUR
0.990717 0.124322 0.0549913 -0.311926
0.109973 -0.970758 0.213389 -0.704399
0.0799124 -0.205361 -0.975418 3.45566

CONTOUR
0.993896 0.106227 0.02977 -0.327037
0.0986498 -0.976581 0.191199 -0.705247
0.0493833 -0.187095 -0.9811 3.43556

CONTOUR
0.991995 0.11282 0.0567249 -0.345231
0.100327 -0.976933 0.18851 -0.704319
0.0766841 -0.18131 -0.980432 3.43942

CONTOUR
0.991241 0.110036 0.0730275 -0.352197
0.0942173 -0.976702 0.192809 -0.708259
0.0925421 -0.18424 -0.978515 3.41867

CONTOUR
0.990209 0.109597 0.0864594 -0.349087
0.0912722 -0.976936 0.193044 -0.724529
0.105622 -0.183262 -0.977373 3.43978

CONTOUR
0.988972 0.10673 0.102674 -0.340672
0.0850649 -0.976884 0.196119 -0.727658
0.121233 -0.185222 -0.97519 3.44212

CONTOUR
0.986612 0.103632 0.125923 -0.334033
0.0830961 -0.983837 0.158616 -0.722304
0.140326 -0.146029 -0.979277 3.45254

CONTOUR
0.985003 0.102072 0.139104 -0.344182
0.0801102 -0.984624 0.155237 -0.720276
0.15281 -0.141765 -0.978035 3.46879

CONTOUR
0.976363 0.0785602 -0.201356 -0.405324
0.127766 -0.961191 0.244516 -0.598528
-0.174332 -0.264463 -0.948508 2.97641

CONTOUR
0.96641 0.0533091 -0.251416 -0.419044
0.128068 -0.948032 0.291261 -0.579495
-0.222824 -0.313676 -0.923015 2.90643

CONTOUR
0.958308 0.040413 -0.282866 -0.432948
0.128255 -0.945458 0.299433 -0.565138
-0.255337 -0.323228 -0.911223 2.83046

CONTOUR
0.954403 0.0159959 -0.298091 -0.441802
0.112301 -0.94445 0.308874 -0.574315
-0.276592 -0.328266 -0.903182 2.80974

CONTOUR
0.953204 0.0123102 -0.302077 -0.44323
0.11003 -0.944774 0.308699 -0.574039
-0.281594 -0.327491 -0.901917 2.79155

CONTOUR
0.948872 0.0158233 -0.315263 -0.438065
0.117537 -0.944635 0.306349 -0.572819
-0.292961 -0.327741 -0.898198 2.77256

CONTOUR
0.94498 0.0161552 -0.32673 -0.43427
0.122215 -0.943894 0.306803 -0.578677
-0.303442 -0.329853 -0.893935 2.7725

CONTOUR
0.941758 0.0371647 -0.334232 -0.430453
0.140029 -0.946953 0.28926 -0.568832
-0.305752 -0.319215 -0.897005 2.77323

CONTOUR
0.939188 0.0622998 -0.337705 -0.428546
0.158417 -0.951116 0.265109 -0.565405
-0.304681 -0.302486 -0.903146 2.79044

CONTOUR
0.936032 0.0707408 -0.34473 -0.424247
0.164143 -0.954265 0.249871 -0.563096
-0.311288 -0.290472 -0.904835 2.74418

CONTOUR
0.935468 0.0409539 -0.351031 -0.427005
0.144428 -0.950836 0.273956 -0.57564
-0.322553 -0.306976 -0.895391 2.73425

CONTOUR
0.934371 0.0282402 -0.355181 -0.434373
0.138646 -0.947105 0.289431 -0.55777
-0.32822 -0.31968 -0.888863 2.72297

CONTOUR
0.937929 0.0322603 -0.345322 -0.462639
0.139797 -0.946365 0.291292 -0.551176
-0.317404 -0.321486 -0.892133 2.68057

CONTOUR
0.945405 0.0495289 -0.322113 -0.499493
0.143811 -0.950351 0.275957 -0.551804
-0.292452 -0.307214 -0.905589 2.68737

CONTOUR
0.943585 0.0446307 -0.32811 -0.502507
0.145135 -0.946369 0.288655 -0.543698
-0.29763 -0.319991 -0.899457 2.67764

CONTOUR
0.946075 0.0574273 -0.318818 -0.508318
0.149242 -0.950765 0.271612 -0.564233
-0.287523 -0.304546 -0.908065 2.67988

CONTOUR
0.944933 0.012882 -0.327009 -0.45488
0.101768 -0.96125 0.256205 -0.552695
-0.311038 -0.275375 -0.909629 2.62455

CONTOUR
0.942139 0.024277 -0.334341 -0.433585
0.117527 -0.95799 0.261617 -0.571236
-0.313944 -0.285774 -0.905413 2.63602

CONTOUR
0.990234 0.0325896 -0.135551 -0.449536
0.0792201 -0.931602 0.354743 -0.71737
-0.114719 -0.362017 -0.925086 3.03355

CONTOUR
0.962563 0.17798 -0.204441 -0.208711
0.203061 -0.973089 0.108923 -0.627353
-0.179553 -0.146359 -0.9728 3.01709

CONTOUR
0.970629 0.18667 -0.151769 -0.172194
0.209763 -0.965561 0.153921 -0.598108
-0.11781 -0.181236 -0.976358 3.02628

CONTOUR
0.960123 0.242329 -0.139427 -0.177099
0.261971 -0.953976 0.145947 -0.590475
-0.0976426 -0.176653 -0.979418 3.06718

CONTOUR
0.961743 0.246415 -0.119708 -0.144729
0.262987 -0.952835 0.151472 -0.621317
-0.0767366 -0.177159 -0.981186 3.10154

CONTOUR
0.955169 0.272656 -0.115373 -0.109366
0.288546 -0.944574 0.156592 -0.632525
-0.0662827 -0.182862 -0.980902 3.1107

CONTOUR
0.925135 0.262983 -0.273798 -0.145853
0.350003 -0.870182 0.346815 -0.590367
-0.147048 -0.416681 -0.897081 2.92998

CONTOUR
0.963442 0.252369 -0.0899454 -0.172142
0.267343 -0.927572 0.261032 -0.731703
-0.0175545 -0.275535 -0.961131 3.3736

CONTOUR
0.934754 0.256256 -0.246104 -0.144439
0.333132 -0.872948 0.356349 -0.593224
-0.12352 -0.415084 -0.901359 2.99151

CONTOUR
0.941492 0.237292 -0.239343 -0.137713
0.322635 -0.839899 0.436436 -0.573362
-0.0974609 -0.488121 -0.867317 3.04777

CONTOUR
0.944068 0.32525 -0.0542902 -0.224878
0.325732 -0.945462 2.63708e-05 -0.610705
-0.0513207 -0.017709 -0.998525 3.24442

CONTOUR
0.931484 0.361189 -0.0433537 -0.144326
0.361242 -0.932447 -0.00687583 -0.536534
-0.0429085 -0.00925645 -0.999036 3.01302

CONTOUR
0.925954 0.366729 0.0901067 -0.0779622
0.373158 -0.925182 -0.0692143 -0.536929
0.0579823 0.0977133 -0.993524 2.91007

CONTOUR
0.930555 0.362437 0.0520179 -0.074153
0.363245 -0.931669 -0.00669901 -0.589888
0.0460355 0.0251291 -0.998624 3.04087

CONTOUR
0.879718 0.332965 -0.339457 0.071982
0.367398 -0.929172 0.040726 -0.495969
-0.301853 -0.160543 -0.93974 2.83601

CONTOUR
0.911932 0.216477 -0.348594 0.141332
0.299857 -0.931481 0.205985 -0.571414
-0.280118 -0.292372 -0.914359 2.97272

CONTOUR
0.834178 0.184797 -0.519613 0.112039
0.324416 -0.926357 0.191359 -0.548786
-0.445985 -0.328198 -0.832697 2.82893

CONTOUR
0.789619 0.0927653 -0.606545 0.128091
0.327391 -0.899735 0.288602 -0.485555
-0.518957 -0.426463 -0.740819 2.55858

CONTOUR
0.762692 0.177184 -0.622018 0.0903576
0.341973 -0.926786 0.155315 -0.473263
-0.548958 -0.33117 -0.767445 2.3944

CONTOUR
0.046384 0.998643 0.0236909 -0.144782
0.998381 -0.0471276 0.0318585 -0.682793
0.0329317 0.0221748 -0.999212 3.18217

CONTOUR
0.891619 0.141934 -0.429966 0.135029
0.356607 -0.805276 0.473668 -0.632402
-0.279012 -0.575661 -0.768614 3.076

CONTOUR
0.962054 0.209134 -0.175259 0.136772
0.262768 -0.883166 0.38855 -0.661623
-0.0735235 -0.419859 -0.904607 3.19015

CONTOUR
0.949368 0.197426 -0.244382 0.127149
0.292798 -0.837994 0.460474 -0.585707
-0.113881 -0.508714 -0.853371 3.05363

CONTOUR
0.89779 0.285624 -0.33525 0.0257763
0.3891 -0.871 0.299932 -0.448015
-0.206335 -0.399722 -0.893112 2.64645

CONTOUR
0.919989 0.241865 -0.308417 -0.117242
0.301633 -0.939373 0.163084 -0.584999
-0.250274 -0.243064 -0.937167 2.98516

CONTOUR
0.955275 0.215683 -0.202312 -0.0962483
0.264991 -0.928003 0.261896 -0.62328
-0.13126 -0.303794 -0.943653 3.05341

CONTOUR
0.894788 0.222328 -0.387202 -0.0557669
0.340692 -0.900497 0.27025 -0.558861
-0.28859 -0.373733 -0.881498 2.8404

CONTOUR
0.943471 0.18313 -0.276271 -0.0100374
0.26476 -0.917839 0.295759 -0.5883
-0.19941 -0.352186 -0.91444 2.7633

CONTOUR
0.991491 0.115707 -0.0596522 -0.441508
0.128817 -0.938166 0.321328 -0.685043
-0.0187837 -0.326277 -0.945087 2.89542

CONTOUR
0.998457 0.0403434 -0.0381633 -0.620051
0.0512565 -0.933951 0.353707 -0.667385
-0.0213729 -0.355118 -0.934577 2.80989

CONTOUR
0.998294 0.0562 -0.0158436 -0.655656
0.0582529 -0.939953 0.336296 -0.649062
0.00400762 -0.336646 -0.941623 2.82967

CONTOUR
0.998851 0.0436096 -0.0198885 -0.70638
0.0476222 -0.949954 0.308739 -0.642115
-0.00542921 -0.309331 -0.950939 2.85372

CONTOUR
0.999994 0.00163446 -0.00291011 -0.692185
0.00250904 -0.943108 0.332478 -0.65571
-0.00220113 -0.332483 -0.943107 2.73304

CONTOUR
0.989068 -0.146099 0.0199973 -0.785974
-0.143948 -0.927157 0.345917 -0.615622
-0.0319974 -0.345014 -0.938052 2.95897

CONTOUR
0.999054 -0.0158659 0.0404833 -0.796484
-0.0284924 -0.942181 0.33389 -0.791573
0.0328451 -0.334728 -0.941742 2.99651

CONTOUR
0.998383 -0.0310456 0.0476137 -0.786832
-0.0460207 -0.933145 0.356542 -0.749573
0.0333614 -0.358157 -0.933065 2.93633

CONTOUR
0.999543 0.026396 0.0147581 -0.813728
0.0194798 -0.935254 0.35344 -0.821162
0.023132 -0.352991 -0.935341 3.05155

CONTOUR
0.998923 -0.0463623 0.0018695 -0.796589
-0.0432743 -0.916336 0.398065 -0.813085
-0.0167421 -0.397717 -0.917355 2.89707

CONTOUR
0.999963 -0.00837424 0.00172794 -0.736637
-0.0083714 -0.91764 0.397325 -0.82349
-0.00174167 -0.397325 -0.917676 2.84597

CONTOUR
0.996808 -0.077056 -0.0209066 -0.74393
-0.0625821 -0.916667 0.394723 -0.835208
-0.0495801 -0.392154 -0.918562 2.87682

CONTOUR
0.992007 0.112357 -0.0574223 -0.65494
0.125143 -0.934294 0.333816 -0.825832
-0.0161427 -0.338334 -0.940888 2.85518

CONTOUR
0.998605 -0.0508003 0.0143911 -0.716859
-0.0525331 -0.928614 0.36731 -0.789397
-0.00529566 -0.367554 -0.929987 2.83474

CONTOUR
0.999459 0.00326279 0.0327139 -0.766422
-0.00997399 -0.918073 0.396286 -0.845784
0.0313268 -0.396398 -0.917544 3.0116

CONTOUR
0.998278 -0.0584264 -0.0051436 -0.70609
-0.0520045 -0.922274 0.383022 -0.785747
-0.0271224 -0.382095 -0.923725 2.87645

CONTOUR
0.999104 -0.029711 0.0301455 -0.733351
-0.0391431 -0.919555 0.391006 -0.775783
0.0161033 -0.391836 -0.919894 2.79146

CONTOUR
0.997428 -0.0709713 0.00999724 -0.74354
-0.069192 -0.917129 0.39254 -0.781528
-0.0186903 -0.392222 -0.919681 2.85857

CONTOUR
0.998672 -0.0504125 0.010666 -0.757959
-0.0504383 -0.91402 0.402521 -0.863455
-0.0105432 -0.402524 -0.915349 2.93637

CONTOUR
0.997735 -0.0653283 0.0160432 -0.772229
-0.0660575 -0.906423 0.417173 -0.869766
-0.0127113 -0.417288 -0.908685 2.84961

CONTOUR
0.960751 -0.0773918 0.266398 -0.741282
-0.168946 -0.924905 0.340599 -0.823859
0.220033 -0.372238 -0.901679 2.80019

CONTOUR
0.996138 -0.0834668 0.0272338 -0.790453
-0.0871215 -0.901295 0.424355 -0.869556
-0.0108739 -0.425089 -0.905086 2.81992

CONTOUR
0.997368 -0.070286 0.0178227 -0.787623
-0.0707459 -0.889347 0.451728 -0.898712
-0.0158995 -0.451799 -0.891978 2.8028

CONTOUR
0.985515 -0.169499 -0.0054348 -0.76061
-0.141052 -0.837066 0.528606 -0.788214
-0.0941477 -0.520183 -0.84885 2.72976

CONTOUR
0.980978 -0.188267 0.0473107 -0.732333
-0.162597 -0.66376 0.730058 -0.685724
-0.106043 -0.723864 -0.681745 2.55085

CONTOUR
0.981336 -0.191812 0.0136955 -0.761178
-0.170313 -0.833859 0.525045 -0.787298
-0.0892896 -0.517578 -0.850964 2.78697

CONTOUR
0.993694 -0.102987 0.0443416 -0.832171
-0.112009 -0.893569 0.434728 -0.884306
-0.00514899 -0.436953 -0.899469 2.80328

CONTOUR
0.986601 -0.162933 0.00842699 -0.750159
-0.144243 -0.846964 0.511709 -0.757736
-0.076237 -0.506069 -0.859117 2.74507

CONTOUR
0.992624 -0.115926 0.0354716 -0.799236
-0.119857 -0.894482 0.43074 -0.865936
-0.0182053 -0.431814 -0.901779 2.81892

CONTOUR
0.997766 -0.0632501 0.0214904 -1.06284
-0.0665082 -0.910478 0.408175 -1.04457
-0.00625062 -0.408693 -0.912651 3.27663

CONTOUR
0.981413 -0.188276 0.0371546 -1.03717
-0.183851 -0.866917 0.463306 -1.12495
-0.0550196 -0.461526 -0.885419 3.22498

CONTOUR
0.998039 -0.0603612 0.0165864 -1.07494
-0.0618713 -0.910912 0.407936 -1.06936
-0.00951474 -0.408162 -0.91286 3.32372

CONTOUR
0.993963 -0.107482 0.0220287 -0.765139
-0.106411 -0.895491 0.432172 -0.880269
-0.0267241 -0.431908 -0.901522 2.82357

CONTOUR
0.993688 -0.110479 0.0194559 -0.757628
-0.108235 -0.898635 0.425135 -0.855905
-0.0294847 -0.424557 -0.904921 2.8334

CONTOUR
0.991352 0.0432858 0.123889 -0.748224
-0.0169909 -0.893755 0.448233 -0.727755
0.130128 -0.446461 -0.88529 2.15076

CONTOUR
0.938901 -0.308942 -0.151721 -0.753609
-0.128831 -0.724215 0.677433 -0.975157
-0.319166 -0.616496 -0.719768 3.48004

CONTOUR
0.99444 0.0462533 -0.0945989 -0.748226
0.0805267 -0.912903 0.400155 -1.12401
-0.0678511 -0.405548 -0.911552 3.357

CONTOUR
0.997561 -0.0695553 0.00578879 -0.734747
-0.0654864 -0.904052 0.422375 -0.877144
-0.0241451 -0.421724 -0.906403 2.83297

CONTOUR
0.999062 -0.0396425 -0.0174138 -0.672034
-0.028353 -0.902929 0.428854 -0.923559
-0.0327242 -0.427958 -0.903206 2.82514

CONTOUR
0.998241 -0.0572402 -0.0154514 -0.675177
-0.0451673 -0.90302 0.427218 -0.905839
-0.038407 -0.425769 -0.904016 2.83812

CONTOUR
0.99705 -0.0703638 -0.0306766 -0.623504
-0.0504291 -0.901745 0.429316 -0.91037
-0.0578708 -0.426502 -0.902633 2.8483

CONTOUR
0.997422 -0.0632534 -0.0338885 -0.61859
-0.0422936 -0.899689 0.434477 -0.933181
-0.0579713 -0.431924 -0.900045 2.84243

CONTOUR
0.978564 -0.179454 -0.101043 -0.521477
-0.0924882 -0.821308 0.562938 -0.882797
-0.184009 -0.541525 -0.820299 2.7235

CONTOUR
0.956242 -0.281758 -0.078827 -0.511221
-0.195592 -0.815991 0.543969 -0.765418
-0.21759 -0.504748 -0.835395 2.37615

CONTOUR
0.985539 0.103516 -0.134155 -0.388389
0.149364 -0.904582 0.399278 -0.924862
-0.0800226 -0.413542 -0.906962 2.77445

CONTOUR
0.987405 0.0903965 -0.129847 -0.439378
0.136871 -0.899719 0.414453 -0.987922
-0.0793606 -0.427005 -0.90076 2.89125

CONTOUR
0.970144 0.202295 -0.133784 -0.42911
0.239006 -0.891138 0.385681 -1.08815
-0.0411988 -0.406141 -0.912881 3.12702

CONTOUR
0.974691 0.184821 -0.12577 -0.408963
0.219675 -0.896183 0.385484 -1.05943
-0.0414671 -0.403357 -0.914103 2.90386

CONTOUR
0.982393 0.134572 -0.129593 -0.467366
0.176411 -0.896545 0.406309 -1.08093
-0.0615078 -0.422017 -0.904499 2.9314

CONTOUR
0.976187 0.191173 -0.102527 -0.442574
0.216344 -0.892687 0.395355 -1.06022
-0.0159434 -0.408122 -0.912788 2.7934

CONTOUR
0.97689 0.141767 -0.15996 -0.388225
0.202321 -0.854671 0.478125 -0.904099
-0.0689306 -0.499439 -0.863602 2.39238

CONTOUR
0.986214 0.076119 -0.146925 -0.404371
0.140555 -0.853928 0.50105 -0.940148
-0.0873243 -0.514793 -0.852855 2.379

CONTOUR
0.946537 0.28171 -0.157187 -0.471641
0.322052 -0.85347 0.409721 -1.17702
-0.018732 -0.438439 -0.898566 3.26826

CONTOUR
0.97174 0.148963 -0.183114 -0.324939
0.219216 -0.857209 0.465981 -0.902693
-0.0875531 -0.492954 -0.865639 2.41188

CONTOUR
0.97748 0.169223 -0.126081 -0.348123
0.207044 -0.884583 0.417905 -1.06436
-0.0408104 -0.434599 -0.899699 2.83786

CONTOUR
0.976263 0.151118 -0.155156 -0.479309
0.205387 -0.873322 0.441729 -1.18646
-0.0687479 -0.463111 -0.88363 3.35792

CONTOUR
0.955859 0.264318 -0.128337 -0.300955
0.293369 -0.882919 0.366592 -0.920977
-0.016414 -0.38806 -0.921488 2.41176

CONTOUR
0.977614 0.170082 -0.123863 -0.42125
0.205888 -0.894624 0.396559 -1.05113
-0.0433634 -0.413184 -0.909615 2.78949

CONTOUR
0.92732 0.347389 -0.139276 -0.396467
0.37424 -0.855995 0.356676 -0.983873
0.00468564 -0.382876 -0.923788 2.855

CONTOUR
0.991793 -0.0261522 -0.125152 -0.478769
0.0329477 -0.893519 0.447814 -1.00109
-0.123537 -0.448262 -0.885325 2.54508

CONTOUR
0.8651 0.111302 -0.489094 -0.368509
0.408225 -0.72282 0.557569 -0.786749
-0.291469 -0.682014 -0.670748 2.31266

CONTOUR
0.967883 0.181182 -0.174285 -0.281855
0.236272 -0.89243 0.384375 -0.911326
-0.0858953 -0.413208 -0.906577 2.81458

CONTOUR
0.983898 0.0873527 -0.15593 -0.362026
0.14613 -0.895494 0.4204 -0.978586
-0.102912 -0.436417 -0.89384 3.02682

CONTOUR
0.995145 -0.0879439 -0.0441928 -0.5781
-0.0596891 -0.896267 0.439481 -0.934301
-0.0782582 -0.434709 -0.897164 2.85044

CONTOUR
0.784502 -0.52762 0.325844 -1.22228
-0.608649 -0.554491 0.567527 -0.721352
-0.118761 -0.64355 -0.756134 2.58132

CONTOUR
0.660918 -0.628203 0.410546 -1.13608
-0.74764 -0.503809 0.432678 -0.607083
-0.0649733 -0.592905 -0.802647 2.50469

CONTOUR
0.82202 -0.500131 0.272311 -1.13733
-0.567989 -0.685746 0.455127 -0.515672
-0.0408874 -0.528793 -0.847765 2.6381

CONTOUR
0.839281 -0.541426 -0.0496597 -1.01836
-0.523361 -0.829257 0.196023 -0.441658
-0.147313 -0.138528 -0.979341 2.47131

CONTOUR
0.855388 -0.459367 0.239361 -1.02699
-0.515357 -0.708211 0.482539 -0.508254
-0.0521444 -0.536115 -0.842533 2.69998

CONTOUR
0.859077 -0.475058 0.190541 -1.04534
-0.502841 -0.713785 0.487505 -0.50509
-0.0955878 -0.514617 -0.852076 2.67652

CONTOUR
0.859536 -0.443801 0.253454 -1.07459
-0.508429 -0.692128 0.512306 -0.573989
-0.0519394 -0.569209 -0.820551 2.78091

CONTOUR
0.885783 -0.426603 0.182753 -1.08183
-0.452401 -0.705829 0.545105 -0.631343
-0.103551 -0.565522 -0.818207 2.70519

CONTOUR
0.894405 -0.389173 0.220419 -1.06149
-0.4437 -0.710014 0.546818 -0.658265
-0.0563059 -0.586877 -0.807716 2.67702

CONTOUR
0.888738 -0.447138 0.101058 -0.989143
-0.405558 -0.664148 0.628037 -0.685768
-0.213701 -0.599145 -0.771594 2.48405

CONTOUR
0.841769 -0.504702 -0.191573 -1.06625
-0.182707 -0.600281 0.77864 -0.69928
-0.507979 -0.620433 -0.597511 2.62571

CONTOUR
0.880749 -0.42234 -0.214267 -0.750878
-0.124902 -0.643571 0.755127 -0.778589
-0.456816 -0.638315 -0.619575 2.49835

CONTOUR
0.961135 -0.174883 0.213625 -0.815594
-0.275364 -0.66293 0.696203 -0.699776
0.0198644 -0.72797 -0.685321 2.54514

CONTOUR
0.922201 -0.375972 -0.0904993 -1.18809
-0.222443 -0.707166 0.671145 -0.734696
-0.31633 -0.598799 -0.735782 2.84711

CONTOUR
0.939668 -0.330856 0.0869361 -0.749719
-0.316727 -0.74542 0.586543 -0.80585
-0.129257 -0.578691 -0.805239 2.65269

CONTOUR
0.963737 -0.266642 0.0106108 -0.709589
-0.229035 -0.806099 0.545662 -0.842426
-0.136943 -0.528305 -0.837938 2.83016

CONTOUR
0.997786 -0.0652575 0.0128632 -0.650723
-0.0495268 -0.599852 0.798577 -0.544267
-0.0443971 -0.797445 -0.601756 2.58739

CONTOUR
0.958338 -0.282864 0.0397097 -0.738359
-0.261836 -0.814394 0.517885 -0.698673
-0.114152 -0.506706 -0.854528 2.76404

CONTOUR
0.972129 -0.0910963 0.216026 -0.654422
-0.216481 -0.702541 0.677918 -0.713959
0.0900116 -0.705789 -0.702681 2.8959

CONTOUR
0.973713 -0.227603 -0.00892715 -0.614676
-0.187384 -0.8227 0.536704 -0.773668
-0.1295 -0.520923 -0.843723 2.69354

CONTOUR
0.97762 -0.204708 -0.0485204 -0.594703
-0.150161 -0.84051 0.520571 -0.797881
-0.147347 -0.501635 -0.852438 2.85144

CONTOUR
0.992001 -0.0927912 -0.0855791 -0.551979
-0.037907 -0.865655 0.499204 -0.844563
-0.120404 -0.491967 -0.862248 2.88691

CONTOUR
0.989694 -0.127374 -0.0654305 -0.625454
-0.072173 -0.838349 0.540336 -0.854682
-0.123678 -0.530045 -0.838902 3.00491

CONTOUR
0.986909 -0.141762 -0.0768993 -0.570148
-0.085171 -0.863034 0.497914 -0.823293
-0.136952 -0.484846 -0.86381 2.62835

CONTOUR
0.992215 -0.12315 -0.0185395 -0.640347
-0.0951617 -0.845755 0.525017 -0.810088
-0.0803355 -0.519165 -0.85089 2.73803

CONTOUR
0.981308 -0.186588 -0.0471111 -0.841879
-0.121643 -0.791103 0.599465 -0.927777
-0.149123 -0.582529 -0.799013 2.68188

CONTOUR
0.971449 -0.19992 0.127741 -0.815337
-0.235517 -0.747756 0.6208 -0.904364
-0.0285908 -0.633161 -0.773492 2.2514

CONTOUR
0.992069 -0.0892069 0.0885477 -0.940613
-0.123698 -0.817929 0.561864 -0.927543
0.0223035 -0.568361 -0.822477 2.5581

CONTOUR
0.967849 -0.227706 0.106853 -0.945404
-0.243572 -0.742437 0.624067 -1.00993
-0.0627723 -0.63003 -0.77403 2.59827

CONTOUR
0.976236 -0.18826 0.10734 -0.919044
-0.214118 -0.76152 0.611752 -1.03285
-0.0334269 -0.620198 -0.783733 2.65553

CONTOUR
0.970739 -0.218935 0.0986605 -0.882899
-0.232097 -0.749958 0.61943 -1.00736
-0.0616235 -0.624204 -0.778827 2.57997

CONTOUR
0.969382 -0.231247 0.0826066 -0.898476
-0.231125 -0.745592 0.625039 -1.01869
-0.0829479 -0.624994 -0.77621 2.59718

CONTOUR
0.974924 -0.207912 0.079347 -1.00105
-0.21308 -0.769288 0.602323 -1.07243
-0.0641893 -0.604126 -0.794299 2.83766

CONTOUR
0.971782 -0.21426 0.0986515 -0.820957
-0.229397 -0.761073 0.60675 -0.982683
-0.0549214 -0.612259 -0.788748 2.59041

CONTOUR
0.917903 -0.353228 0.180787 -0.882139
-0.378776 -0.644208 0.664473 -0.987327
-0.118246 -0.6784 -0.725115 2.34931

CONTOUR
0.853718 -0.306276 0.421142 -0.885773
-0.507465 -0.307911 0.80478 -0.8993
-0.116811 -0.90077 -0.418293 2.2223

CONTOUR
0.770374 -0.560447 0.304012 -1.06634
-0.590067 -0.446052 0.672948 -1.03836
-0.241547 -0.697809 -0.674328 2.39439

CONTOUR
0.686146 -0.670577 0.28201 -1.29748
-0.614836 -0.327367 0.717501 -1.16997
-0.388819 -0.665701 -0.636917 2.81688

CONTOUR
0.814713 -0.529061 0.237354 -1.12567
-0.518851 -0.482353 0.705783 -1.19181
-0.258914 -0.698162 -0.667483 2.64627

CONTOUR
0.717612 -0.572794 0.396157 -1.12087
-0.692977 -0.530584 0.488123 -1.20863
-0.0694001 -0.624811 -0.777686 2.70837

CONTOUR
0.827664 -0.514047 0.225227 -0.939339
-0.513617 -0.532033 0.673155 -1.02261
-0.226205 -0.672827 -0.704368 2.34601

CONTOUR
0.951251 -0.299213 0.0747862 -0.830915
-0.284019 -0.755328 0.590604 -0.922449
-0.120228 -0.583053 -0.803489 2.65727

CONTOUR
0.964608 -0.254546 0.0688357 -0.829622
-0.245614 -0.772343 0.585798 -0.938611
-0.095948 -0.581972 -0.807528 2.76655

CONTOUR
0.968722 -0.232608 0.0864368 -0.839717
-0.240132 -0.790892 0.562874 -0.922433
-0.0625669 -0.566025 -0.822011 2.824

CONTOUR
0.97719 -0.198572 0.0752854 -0.854161
-0.206337 -0.803929 0.557784 -0.916792
-0.0502363 -0.560595 -0.826565 2.94029

CONTOUR
0.998842 -0.0347719 0.0332509 -0.827965
-0.0471767 -0.843447 0.535136 -0.811443
0.0094377 -0.536085 -0.844111 2.94291

CONTOUR
0.9995 -0.0161534 0.0271839 -0.803954
-0.0277759 -0.859362 0.510614 -0.769078
0.0151126 -0.511113 -0.85938 2.8894

CONTOUR
0.998898 -0.0329597 0.0334197 -0.805151
-0.0455604 -0.85208 0.521424 -0.778955
0.0112902 -0.522372 -0.852643 2.82565

CONTOUR
0.975542 -0.213768 0.0512008 -0.815162
-0.206232 -0.809482 0.549734 -0.809175
-0.0760694 -0.546847 -0.833769 2.61668

CONTOUR
0.976975 -0.211357 0.0291187 -0.80121
-0.18745 -0.785148 0.590259 -0.801645
-0.101893 -0.582127 -0.806688 2.50503

CONTOUR
0.97345 -0.228591 0.0118685 -0.830573
-0.192451 -0.789277 0.583099 -0.808184
-0.123923 -0.569902 -0.812315 2.53688

CONTOUR
0.975896 -0.21817 0.00544079 -0.821208
-0.181842 -0.799103 0.573034 -0.781938
-0.120671 -0.560211 -0.819514 2.51732

CONTOUR
0.975229 -0.221162 -0.00403942 -0.841684
-0.179154 -0.800439 0.572016 -0.782812
-0.129742 -0.557122 -0.820233 2.54031

CONTOUR
0.980861 -0.194254 -0.0133102 -0.848137
-0.152584 -0.809319 0.567204 -0.797156
-0.120954 -0.554317 -0.82347 2.59197

CONTOUR
0.974763 -0.215855 0.0569537 -0.810187
-0.211142 -0.80857 0.549212 -0.795535
-0.0724989 -0.547376 -0.83374 2.53292

CONTOUR
0.969658 -0.226564 0.0918295 -0.883945
-0.239693 -0.807236 0.539367 -0.81888
-0.0480731 -0.545013 -0.837048 2.74163

CONTOUR
0.965393 -0.250987 0.0708671 -0.897579
-0.250181 -0.814492 0.523461 -0.823631
-0.0736614 -0.523075 -0.849097 2.75328

CONTOUR
0.978314 -0.190081 0.0822859 -0.823505
-0.204348 -0.820887 0.533279 -0.819685
-0.033819 -0.53853 -0.841928 2.57849

CONTOUR
0.981357 -0.183655 0.0566507 -0.866573
-0.185448 -0.827434 0.530059 -0.792779
-0.0504732 -0.530683 -0.846066 2.67466

CONTOUR
0.978675 -0.19908 0.0506167 -0.929136
-0.195252 -0.82503 0.530286 -0.830478
-0.063809 -0.52886 -0.846307 2.83987

CONTOUR
0.983458 -0.173601 0.051703 -0.869664
-0.175224 -0.839433 0.51444 -0.740548
-0.0459064 -0.51499 -0.855966 2.65224

CONTOUR
0.980846 -0.185939 0.058029 -0.890584
-0.189422 -0.841124 0.506586 -0.796806
-0.0453843 -0.507875 -0.860234 2.78766

CONTOUR
0.980564 -0.18243 0.0722035 -0.865753
-0.192941 -0.829821 0.523613 -0.82858
-0.035607 -0.527368 -0.848891 2.71303

CONTOUR
0.982075 -0.169874 0.081679 -0.842867
-0.187072 -0.825356 0.53272 -0.820137
-0.0230812 -0.538451 -0.842341 2.68254

CONTOUR
0.982424 -0.166054 0.0852617 -0.843696
-0.185798 -0.825943 0.532257 -0.817898
-0.0179621 -0.538743 -0.842279 2.6667

CONTOUR
0.984516 -0.159049 0.0736976 -0.860607
-0.173449 -0.823045 0.540845 -0.825423
-0.0253641 -0.545253 -0.837888 2.68348

CONTOUR
0.9846 -0.165328 0.0568355 -0.885052
-0.169602 -0.824437 0.539944 -0.834832
-0.0424105 -0.541268 -0.83978 2.72276

CONTOUR
0.984843 -0.166784 0.0476205 -0.889484
-0.165368 -0.820044 0.547888 -0.805659
-0.0523282 -0.547459 -0.835195 2.65272

CONTOUR
0.979565 -0.188818 0.0692816 -0.919458
-0.195795 -0.816437 0.543227 -0.90124
-0.0460069 -0.545691 -0.836723 2.76187

CONTOUR
0.974562 -0.213885 0.0669468 -0.956237
-0.21138 -0.777934 0.591725 -1.03124
-0.0744809 -0.590824 -0.803355 2.60123

CONTOUR
0.985519 -0.153522 0.0719976 -0.931317
-0.165223 -0.773927 0.611342 -1.06351
-0.0381335 -0.614384 -0.788085 2.58364

CONTOUR
0.959408 -0.246339 0.137311 -1.03071
-0.274572 -0.704701 0.654223 -1.13163
-0.0643975 -0.665368 -0.743733 2.51601

CONTOUR
0.973867 -0.197885 0.111468 -1.00134
-0.223667 -0.750363 0.622035 -1.05634
-0.0394501 -0.630711 -0.775014 2.56016

CONTOUR
0.986601 -0.138512 0.0862156 -0.980488
-0.162304 -0.779438 0.60509 -1.04591
-0.0166124 -0.610975 -0.791475 2.57264

CONTOUR
0.997066 -0.0425269 0.0636397 -0.988215
-0.0714805 -0.814656 0.575522 -1.01666
0.0273693 -0.578382 -0.815306 2.58128

CONTOUR
0.997091 -0.0487959 0.0585614 -0.969223
-0.0735948 -0.816371 0.572819 -1.00641
0.0198566 -0.575462 -0.817587 2.59247

CONTOUR
0.997274 -0.0439274 0.0592923 -0.975127
-0.0700097 -0.817176 0.57212 -1.00664
0.0233205 -0.574712 -0.818024 2.59015

CONTOUR
0.991909 -0.105417 0.0707364 -0.963867
-0.12677 -0.792776 0.596184 -1.04217
-0.00676962 -0.600327 -0.799726 2.58039

CONTOUR
0.988658 -0.131849 0.0719091 -0.947978
-0.148559 -0.788351 0.59702 -1.02838
-0.0220267 -0.600932 -0.798997 2.59176

CONTOUR
0.959231 -0.248162 0.135248 -0.914516
-0.276476 -0.724672 0.631198 -0.999962
-0.0586291 -0.642858 -0.763739 2.6109

CONTOUR
0.965999 -0.230433 0.117248 -0.942158
-0.252294 -0.741002 0.622305 -1.04073
-0.0565187 -0.630726 -0.773944 2.58249

CONTOUR
0.97136 -0.213712 0.10386 -0.969851
-0.231072 -0.747767 0.622455 -1.05483
-0.0553632 -0.628627 -0.775734 2.57299

CONTOUR
0.97759 -0.186626 0.0974059 -0.973306
-0.205852 -0.750585 0.627891 -1.0883
-0.0440697 -0.633871 -0.772182 2.55764

CONTOUR
0.970159 -0.214295 0.113441 -0.99398
-0.235941 -0.72651 0.64538 -1.12616
-0.0558857 -0.652887 -0.755391 2.53318

CONTOUR
0.929984 -0.321298 0.178597 -1.07297
-0.353246 -0.646671 0.676043 -1.16174
-0.101718 -0.691798 -0.714891 2.48442

CONTOUR
0.904457 -0.367673 0.216274 -1.12515
-0.40644 -0.588912 0.698562 -1.21582
-0.129476 -0.719722 -0.682083 2.43498

CONTOUR
0.882418 -0.403093 0.242601 -1.15726
-0.446983 -0.557428 0.699629 -1.20285
-0.146783 -0.725803 -0.67206 2.42611

CONTOUR
0.936644 -0.300694 0.179672 -1.09436
-0.340314 -0.659649 0.670112 -1.1482
-0.0829779 -0.688801 -0.720186 2.48138

CONTOUR
0.949909 -0.275588 0.147393 -1.02953
-0.303753 -0.703153 0.642891 -1.07693
-0.0735331 -0.655459 -0.751642 2.54021

CONTOUR
0.98906 -0.0994162 0.108983 -1.01021
-0.144395 -0.803609 0.577375 -1.07398
0.0301789 -0.586795 -0.809173 2.55723


