Read image from: ../../data/pepsi_data/images/image-001.png
Processing: Frame: 1Rempty empty transform as the number of matches are less than 10
 ... failed!
Read image from: ../../data/pepsi_data/images/image-002.png
Processing: Frame: 2Returning empty transform as median>motion threshold i.e. there's too much option.
 ... failed!
Read image from: ../../data/pepsi_data/images/image-003.png
Processing: Frame: 3Returning empty transform as median>motion threshold i.e. there's too much option.
 ... failed!
Read image from: ../../data/pepsi_data/images/image-004.png
Processing: Frame: 4Returning empty transform as median>motion threshold i.e. there's too much option.
 ... failed!
Read image from: ../../data/pepsi_data/images/image-005.png
Processing: Frame: 5Returning empty transform as median>motion threshold i.e. there's too much option.
 ... failed!
Read image from: ../../data/pepsi_data/images/image-006.png
Processing: Frame: 6Returning empty transform as median>motion threshold i.e. there's too much option.
 ... failed!
Read image from: ../../data/pepsi_data/images/image-007.png
Processing: Frame: 7Returning empty transform as median>motion threshold i.e. there's too much option.
 ... failed!
Read image from: ../../data/pepsi_data/images/image-008.png
Processing: Frame: 8d.val[0][bst_idx]: 16.6231
, Matches: 75, Inliers: 84 %, Current pose: 
image-008.png
   1.0000000    0.0000000    0.0000000    0.0000000 
   0.0000000    1.0000000    0.0000000    0.0000000 
   0.0000000    0.0000000    1.0000000    0.0000000 
   0.0000000    0.0000000    0.0000000    1.0000000 

Read image from: ../../data/pepsi_data/images/image-009.png
Processing: Frame: 9Returning empty transform as median>motion threshold i.e. there's too much option.
 ... failed!
Read image from: ../../data/pepsi_data/images/image-010.png
Processing: Frame: 10Returning empty transform as median>motion threshold i.e. there's too much option.
 ... failed!
Read image from: ../../data/pepsi_data/images/image-011.png
Processing: Frame: 11Returning empty transform as median>motion threshold i.e. there's too much option.
 ... failed!
Read image from: ../../data/pepsi_data/images/image-012.png
Processing: Frame: 12Returning empty transform as median>motion threshold i.e. there's too much option.
 ... failed!
Read image from: ../../data/pepsi_data/images/image-013.png
Processing: Frame: 13d.val[0][bst_idx]: 12.3945
, Matches: 113, Inliers: 60.177 %, Current pose: 
image-013.png
   1.0000000   -0.0000000    0.0000000    0.0150394 
   0.0000000    1.0000000   -0.0000000   -0.0000000 
  -0.0000000    0.0000000    1.0000000    0.0000000 
   0.0000000    0.0000000    0.0000000    1.0000000 

Read image from: ../../data/pepsi_data/images/image-014.png
Processing: Frame: 14Returning empty transform as median>motion threshold i.e. there's too much option.
 ... failed!
Read image from: ../../data/pepsi_data/images/image-015.png
Processing: Frame: 15d.val[0][bst_idx]: 4.35861
, Matches: 82, Inliers: 57.3171 %, Current pose: 
image-015.png
   0.9998597   -0.0084458   -0.0144635    0.0277741 
   0.0084465    0.9999643   -0.0000126    0.0114606 
   0.0144631   -0.0001095    0.9998954   -0.0106451 
   0.0000000    0.0000000    0.0000000    1.0000000 

Read image from: ../../data/pepsi_data/images/image-016.png
Processing: Frame: 16d.val[0][bst_idx]: 7.03566
, Matches: 90, Inliers: 60 %, Current pose: 
image-016.png
   0.9998597   -0.0084458   -0.0144635    0.0679839 
   0.0084465    0.9999643   -0.0000125    0.0523598 
   0.0144631   -0.0001096    0.9998954   -0.0100630 
   0.0000000    0.0000000    0.0000000    1.0000000 

Read image from: ../../data/pepsi_data/images/image-017.png
Processing: Frame: 17Returning empty transform as median>motion threshold i.e. there's too much option.
 ... failed!
Read image from: ../../data/pepsi_data/images/image-018.png
Processing: Frame: 18Returning empty transform as median>motion threshold i.e. there's too much option.
 ... failed!
Read image from: ../../data/pepsi_data/images/image-019.png
Processing: Frame: 19Returning empty transform as median>motion threshold i.e. there's too much option.
 ... failed!
Read image from: ../../data/pepsi_data/images/image-020.png
Processing: Frame: 20d.val[0][bst_idx]: 5.95157
, Matches: 51, Inliers: 45.098 %, Current pose: 
image-020.png
   0.9998214   -0.0084075   -0.0169258    0.0928939 
   0.0084494    0.9999614    0.0024089    0.0776969 
   0.0169049   -0.0025515    0.9998538   -0.0097024 
   0.0000000    0.0000000    0.0000000    1.0000000 

Read image from: ../../data/pepsi_data/images/image-021.png
Processing: Frame: 21d.val[0][bst_idx]: 2.16929
, Matches: 57, Inliers: 57.8947 %, Current pose: 
image-021.png
   0.9998214   -0.0082417   -0.0170071    0.0508957 
   0.0084494    0.9998902    0.0121765    0.0773420 
   0.0169049   -0.0123180    0.9997812   -0.0104125 
   0.0000000    0.0000000    0.0000000    1.0000000 

Read image from: ../../data/pepsi_data/images/image-022.png
Processing: Frame: 22d.val[0][bst_idx]: 2.49614
, Matches: 71, Inliers: 73.2394 %, Current pose: 
image-022.png
   0.9998214   -0.0082417   -0.0170071   -0.0643287 
   0.0084494    0.9998902    0.0121764    0.0763683 
   0.0169049   -0.0123180    0.9997812   -0.0123605 
   0.0000000    0.0000000    0.0000000    1.0000000 

Read image from: ../../data/pepsi_data/images/image-023.png
Processing: Frame: 23d.val[0][bst_idx]: 3.07693
, Matches: 45, Inliers: 37.7778 %, Current pose: 
image-023.png
   0.9998214   -0.0081585   -0.0170472   -0.1644653 
   0.0084494    0.9998188    0.0170599    0.0755220 
   0.0169049   -0.0172009    0.9997091   -0.0140533 
   0.0000000    0.0000000    0.0000000    1.0000000 

Read image from: ../../data/pepsi_data/images/image-024.png
Processing: Frame: 24d.val[0][bst_idx]: 1.73978
, Matches: 61, Inliers: 57.377 %, Current pose: 
image-024.png
   0.9990277    0.0075227   -0.0434407   -0.2193037 
  -0.0055501    0.9989557    0.0453513    0.0320580 
   0.0437365   -0.0450661    0.9980261    0.0272404 
   0.0000000    0.0000000    0.0000000    1.0000000 

Read image from: ../../data/pepsi_data/images/image-025.png
Processing: Frame: 25d.val[0][bst_idx]: 3.63802
, Matches: 88, Inliers: 56.8182 %, Current pose: 
image-025.png
   0.9990277    0.0075226   -0.0434405   -0.3628601 
  -0.0055501    0.9989557    0.0453513    0.0328555 
   0.0437363   -0.0450662    0.9980261    0.0209559 
   0.0000000    0.0000000    0.0000000    1.0000000 

Read image from: ../../data/pepsi_data/images/image-026.png
Processing: Frame: 26d.val[0][bst_idx]: 8.67614
, Matches: 88, Inliers: 56.8182 %, Current pose: 
image-026.png
   0.9990277    0.0073104   -0.0434767   -0.4315120 
  -0.0055501    0.9991653    0.0404718    0.0332369 
   0.0437363   -0.0401911    0.9982343    0.0179501 
   0.0000000    0.0000000    0.0000000    1.0000000 

Read image from: ../../data/pepsi_data/images/image-027.png
Processing: Frame: 27Returning empty transform as median>motion threshold i.e. there's too much option.
 ... failed!
Read image from: ../../data/pepsi_data/images/image-028.png
Processing: Frame: 28Returning empty transform as median>motion threshold i.e. there's too much option.
 ... failed!
Read image from: ../../data/pepsi_data/images/image-029.png
Processing: Frame: 29Returning empty transform as median>motion threshold i.e. there's too much option.
 ... failed!
Read image from: ../../data/pepsi_data/images/image-030.png
Processing: Frame: 30Returning empty transform as median>motion threshold i.e. there's too much option.
 ... failed!
Read image from: ../../data/pepsi_data/images/image-031.png
Processing: Frame: 31d.val[0][bst_idx]: 5.50833
, Matches: 109, Inliers: 58.7156 %, Current pose: 
image-031.png
   0.9986826    0.0076555   -0.0507397   -0.4520162 
  -0.0052266    0.9988418    0.0478301    0.0129919 
   0.0510470   -0.0475019    0.9975659    0.0178779 
   0.0000000    0.0000000    0.0000000    1.0000000 

Read image from: ../../data/pepsi_data/images/image-032.png
Processing: Frame: 32d.val[0][bst_idx]: 9.01304
, Matches: 90, Inliers: 47.7778 %, Current pose: 
image-032.png
   0.9986826    0.0074076   -0.0507765   -0.4066902 
  -0.0052266    0.9990635    0.0429512    0.0127547 
   0.0510471   -0.0426292    0.9977860    0.0201947 
   0.0000000    0.0000000    0.0000000    1.0000000 

Read image from: ../../data/pepsi_data/images/image-033.png
Processing: Frame: 33d.val[0][bst_idx]: 7.32144
, Matches: 104, Inliers: 69.2308 %, Current pose: 
image-033.png
   0.9986826    0.0074076   -0.0507765   -0.3789891 
  -0.0052266    0.9990635    0.0429513    0.0126097 
   0.0510471   -0.0426293    0.9977860    0.0216104 
   0.0000000    0.0000000    0.0000000    1.0000000 

Read image from: ../../data/pepsi_data/images/image-034.png
Processing: Frame: 34d.val[0][bst_idx]: 6.75038
, Matches: 130, Inliers: 65.3846 %, Current pose: 
image-034.png
   0.9995039    0.0038300   -0.0312609   -0.3582935 
  -0.0025371    0.9991439    0.0412929    0.0194280 
   0.0313923   -0.0411931    0.9986579   -0.0046798 
   0.0000000    0.0000000    0.0000000    1.0000000 

Read image from: ../../data/pepsi_data/images/image-035.png
Processing: Frame: 35Returning empty transform as median>motion threshold i.e. there's too much option.
 ... failed!
Read image from: ../../data/pepsi_data/images/image-036.png
Processing: Frame: 36Returning empty transform as median>motion threshold i.e. there's too much option.
 ... failed!
Read image from: ../../data/pepsi_data/images/image-037.png
Processing: Frame: 37d.val[0][bst_idx]: 7.97997
, Matches: 114, Inliers: 61.4035 %, Current pose: 
image-037.png
   0.9995039    0.0039826   -0.0312418   -0.3212770 
  -0.0025371    0.9989303    0.0461724    0.0193340 
   0.0313923   -0.0460702    0.9984448   -0.0035172 
   0.0000000    0.0000000    0.0000000    1.0000000 

Read image from: ../../data/pepsi_data/images/image-038.png
Processing: Frame: 38Returning empty transform as median>motion threshold i.e. there's too much option.
 ... failed!
Read image from: ../../data/pepsi_data/images/image-039.png
Processing: Frame: 39Returning empty transform as median>motion threshold i.e. there's too much option.
 ... failed!
Read image from: ../../data/pepsi_data/images/image-040.png
Processing: Frame: 40Returning empty transform as median>motion threshold i.e. there's too much option.
 ... failed!
Read image from: ../../data/pepsi_data/images/image-041.png
Processing: Frame: 41d.val[0][bst_idx]: 8.50584
, Matches: 126, Inliers: 60.3175 %, Current pose: 
image-041.png
   0.9995039    0.0038300   -0.0312608   -0.3525899 
  -0.0025371    0.9991439    0.0412929    0.0194135 
   0.0313922   -0.0411931    0.9986579   -0.0045008 
   0.0000000    0.0000000    0.0000000    1.0000000 

Read image from: ../../data/pepsi_data/images/image-042.png
Processing: Frame: 42Returning empty transform as median>motion threshold i.e. there's too much option.
 ... failed!
Read image from: ../../data/pepsi_data/images/image-043.png
Processing: Frame: 43Returning empty transform as median>motion threshold i.e. there's too much option.
 ... failed!
Read image from: ../../data/pepsi_data/images/image-044.png
Processing: Frame: 44Returning empty transform as median>motion threshold i.e. there's too much option.
 ... failed!
Read image from: ../../data/pepsi_data/images/image-045.png
Processing: Frame: 45Returning empty transform as median>motion threshold i.e. there's too much option.
 ... failed!
Read image from: ../../data/pepsi_data/images/image-046.png
Processing: Frame: 46Returning empty transform as median>motion threshold i.e. there's too much option.
 ... failed!
Read image from: ../../data/pepsi_data/images/image-047.png
Processing: Frame: 47d.val[0][bst_idx]: 7.86588
, Matches: 74, Inliers: 40.5405 %, Current pose: 
image-047.png
   0.9995039    0.0038300   -0.0312609   -0.3232129 
  -0.0025371    0.9991439    0.0412928    0.0193389 
   0.0313923   -0.0411930    0.9986579   -0.0035781 
   0.0000000    0.0000000    0.0000000    1.0000000 

Read image from: ../../data/pepsi_data/images/image-048.png
Processing: Frame: 48d.val[0][bst_idx]: 9.65921
, Matches: 113, Inliers: 69.9115 %, Current pose: 
image-048.png
   0.9992888    0.0047766   -0.0374053   -0.3416000 
  -0.0029779    0.9988430    0.0479974   -0.0044925 
   0.0375913   -0.0478518    0.9981468    0.0066261 
   0.0000000    0.0000000    0.0000000    1.0000000 

Read image from: ../../data/pepsi_data/images/image-049.png
Processing: Frame: 49Returning empty transform as median>motion threshold i.e. there's too much option.
 ... failed!
Read image from: ../../data/pepsi_data/images/image-050.png
Processing: Frame: 50Returning empty transform as median>motion threshold i.e. there's too much option.
 ... failed!
Read image from: ../../data/pepsi_data/images/image-051.png
Processing: Frame: 51d.val[0][bst_idx]: 4.91728
, Matches: 16, Inliers: 75 %, Current pose: 
image-051.png
   0.9992888    0.0047766   -0.0374052   -0.3232242 
  -0.0029779    0.9988430    0.0479975    0.0137332 
   0.0375912   -0.0478519    0.9981468    0.0064383 
   0.0000000    0.0000000    0.0000000    1.0000000 

Read image from: ../../data/pepsi_data/images/image-052.png
Processing: Frame: 52d.val[0][bst_idx]: 6.53834
, Matches: 26, Inliers: 80.7692 %, Current pose: 
image-052.png
   0.9996944   -0.0005312   -0.0247157   -0.2895608 
   0.0009506    0.9998557    0.0169584    0.0485638 
   0.0247031   -0.0169767    0.9995507   -0.0090025 
   0.0000000    0.0000000    0.0000000    1.0000000 

Read image from: ../../data/pepsi_data/images/image-053.png
Processing: Frame: 53Returning empty transform as median>motion threshold i.e. there's too much option.
 ... failed!
Read image from: ../../data/pepsi_data/images/image-054.png
Processing: Frame: 54d.val[0][bst_idx]: 6.48454
, Matches: 72, Inliers: 79.1667 %, Current pose: 
image-054.png
   0.9996944   -0.0005312   -0.0247157   -0.2513365 
   0.0009506    0.9998557    0.0169585    0.0486002 
   0.0247032   -0.0169768    0.9995507   -0.0080581 
   0.0000000    0.0000000    0.0000000    1.0000000 

Read image from: ../../data/pepsi_data/images/image-055.png
Processing: Frame: 55Returning empty transform as the inliers size < 10.
 ... failed!
Read image from: ../../data/pepsi_data/images/image-056.png
Processing: Frame: 56Returning empty transform as num points to the side of image plane is <10.
 ... failed!
Read image from: ../../data/pepsi_data/images/image-057.png
Processing: Frame: 57Returning empty transform as the inliers size < 10.
 ... failed!
Read image from: ../../data/pepsi_data/images/image-058.png
Processing: Frame: 58Rempty empty transform as the number of matches are less than 10
 ... failed!
Read image from: ../../data/pepsi_data/images/image-059.png
Processing: Frame: 59d.val[0][bst_idx]: 3.07734
, Matches: 24, Inliers: 66.6667 %, Current pose: 
image-059.png
   0.9996944   -0.0005312   -0.0247158   -0.2240980 
   0.0009506    0.9998557    0.0169584    0.0758835 
   0.0247032   -0.0169767    0.9995507   -0.0078475 
   0.0000000    0.0000000    0.0000000    1.0000000 

Read image from: ../../data/pepsi_data/images/image-060.png
Processing: Frame: 60d.val[0][bst_idx]: 3.99473
, Matches: 37, Inliers: 56.7568 %, Current pose: 
image-060.png
   0.9986671    0.0246611   -0.0453407   -0.2992172 
  -0.0222163    0.9983122    0.0536575    0.0893327 
   0.0465874   -0.0525787    0.9975295   -0.0357044 
   0.0000000    0.0000000    0.0000000    1.0000000 

Read image from: ../../data/pepsi_data/images/image-061.png
Processing: Frame: 61d.val[0][bst_idx]: 9.70068
, Matches: 20, Inliers: 65 %, Current pose: 
image-061.png
   0.9981184    0.0195339   -0.0581211   -0.2456150 
  -0.0170088    0.9989031    0.0436273    0.0932897 
   0.0589096   -0.0425566    0.9973558   -0.0036464 
   0.0000000    0.0000000    0.0000000    1.0000000 

Read image from: ../../data/pepsi_data/images/image-062.png
Processing: Frame: 62d.val[0][bst_idx]: 0.158263
, Matches: 25, Inliers: 48 %, Current pose: 
image-062.png
   0.9981184    0.0206654   -0.0577283   -0.2713379 
  -0.0170088    0.9978603    0.0631306    0.0937280 
   0.0589094   -0.0620299    0.9963343   -0.0051646 
   0.0000000    0.0000000    0.0000000    1.0000000 

Read image from: ../../data/pepsi_data/images/image-063.png
Processing: Frame: 63d.val[0][bst_idx]: 8.10945
, Matches: 77, Inliers: 74.026 %, Current pose: 
image-063.png
   0.8541531    0.4294512    0.2932476   -1.2383022 
  -0.5193609    0.6760740    0.5226740   -0.6081893 
   0.0262059   -0.5987450    0.8005109   -1.0383963 
   0.0000000    0.0000000    0.0000000    1.0000000 

Read image from: ../../data/pepsi_data/images/image-064.png
Processing: Frame: 64Returning empty transform as median>motion threshold i.e. there's too much option.
 ... failed!
Read image from: ../../data/pepsi_data/images/image-065.png
Processing: Frame: 65d.val[0][bst_idx]: 4.43453
, Matches: 83, Inliers: 65.0602 %, Current pose: 
image-065.png
   0.8482986    0.4434559    0.2893723   -1.2198859 
  -0.5283074    0.6718672    0.5191202   -0.6301278 
   0.0357872   -0.5932465    0.8042250   -1.0497944 
   0.0000000    0.0000000    0.0000000    1.0000000 

Read image from: ../../data/pepsi_data/images/image-066.png
Processing: Frame: 66d.val[0][bst_idx]: 2.94166
, Matches: 73, Inliers: 41.0959 %, Current pose: 
image-066.png
   0.8482986    0.4434559    0.2893722   -1.2713799 
  -0.5283074    0.6718672    0.5191202   -0.6358506 
   0.0357872   -0.5932464    0.8042250   -1.0275721 
   0.0000000    0.0000000    0.0000000    1.0000000 

Read image from: ../../data/pepsi_data/images/image-067.png
Processing: Frame: 67d.val[0][bst_idx]: 8.38843
, Matches: 96, Inliers: 48.9583 %, Current pose: 
image-067.png
   0.8482986    0.4490236    0.2806550   -1.3434735 
  -0.5283075    0.6818791    0.5058973   -0.5909518 
   0.0357870   -0.5774241    0.8156597   -1.0306134 
   0.0000000    0.0000000    0.0000000    1.0000000 

Read image from: ../../data/pepsi_data/images/image-068.png
Processing: Frame: 68d.val[0][bst_idx]: 7.35329
, Matches: 18, Inliers: 66.6667 %, Current pose: 
image-068.png
   0.8482986    0.4517437    0.2762556   -1.3687554 
  -0.5283075    0.6867882    0.4992125   -0.5752067 
   0.0357870   -0.5694292    0.8212610   -1.0316800 
   0.0000000    0.0000000    0.0000000    1.0000000 

Read image from: ../../data/pepsi_data/images/image-069.png
Processing: Frame: 69d.val[0][bst_idx]: 2.4628
, Matches: 25, Inliers: 68 %, Current pose: 
image-069.png
   0.8512214    0.4828385    0.2056432   -1.3521805 
  -0.5116160    0.6761650    0.5301414   -0.6039322 
   0.1169240   -0.5564780    0.8225941   -1.0391639 
   0.0000000    0.0000000    0.0000000    1.0000000 

Read image from: ../../data/pepsi_data/images/image-070.png
Processing: Frame: 70d.val[0][bst_idx]: 0.826151
, Matches: 23, Inliers: 56.5217 %, Current pose: 
image-070.png
   0.8811916    0.4565529    0.1227224   -1.2741286 
  -0.4319272    0.6719504    0.6015992   -0.5885906 
   0.1921985   -0.5831313    0.7893147   -0.9761008 
   0.0000000    0.0000000    0.0000000    1.0000000 

Read image from: ../../data/pepsi_data/images/image-071.png
Processing: Frame: 71Returning empty transform as the inliers size < 10.
 ... failed!
Read image from: ../../data/pepsi_data/images/image-072.png
Processing: Frame: 72d.val[0][bst_idx]: 2.62182
, Matches: 42, Inliers: 88.0952 %, Current pose: 
image-072.png
   0.8865400    0.4238739    0.1854121   -1.5262190 
  -0.4515780    0.7056341    0.5460383   -0.5400930 
   0.1006184   -0.5678129    0.8169850   -1.1363198 
   0.0000000    0.0000000    0.0000000    1.0000000 

Read image from: ../../data/pepsi_data/images/image-073.png
Processing: Frame: 73d.val[0][bst_idx]: 3.98699
, Matches: 64, Inliers: 79.6875 %, Current pose: 
image-073.png
   0.8865401    0.4229633    0.1874800   -1.6107539 
  -0.4515780    0.7029587    0.5494784   -0.4970333 
   0.1006185   -0.5717964    0.8142019   -1.1459140 
   0.0000000    0.0000000    0.0000000    1.0000000 

Read image from: ../../data/pepsi_data/images/image-074.png
Processing: Frame: 74Returning empty transform as median>motion threshold i.e. there's too much option.
 ... failed!
Read image from: ../../data/pepsi_data/images/image-075.png
Processing: Frame: 75Returning empty transform as median>motion threshold i.e. there's too much option.
 ... failed!
Read image from: ../../data/pepsi_data/images/image-076.png
Processing: Frame: 76d.val[0][bst_idx]: 5.19759
, Matches: 101, Inliers: 76.2376 %, Current pose: 
image-076.png
   0.8851466    0.4310537    0.1752373   -1.6604165 
  -0.4517281    0.7057068    0.5458202   -0.4598554 
   0.1116117   -0.5622905    0.8193730   -1.1367917 
   0.0000000    0.0000000    0.0000000    1.0000000 

Read image from: ../../data/pepsi_data/images/image-077.png
Processing: Frame: 77Returning empty transform as median>motion threshold i.e. there's too much option.
 ... failed!
Read image from: ../../data/pepsi_data/images/image-078.png
Processing: Frame: 78Returning empty transform as median>motion threshold i.e. there's too much option.
 ... failed!
Read image from: ../../data/pepsi_data/images/image-079.png
Processing: Frame: 79d.val[0][bst_idx]: 3.70549
, Matches: 86, Inliers: 60.4651 %, Current pose: 
image-079.png
   0.8851466    0.4310537    0.1752373   -1.7029913 
  -0.4517281    0.7057069    0.5458200   -0.4381276 
   0.1116116   -0.5622904    0.8193732   -1.1421601 
   0.0000000    0.0000000    0.0000000    1.0000000 

Read image from: ../../data/pepsi_data/images/image-080.png
Processing: Frame: 80d.val[0][bst_idx]: 1.56717
, Matches: 48, Inliers: 62.5 %, Current pose: 
image-080.png
   0.8851466    0.4327449    0.1710183   -1.7627100 
  -0.4517281    0.7110048    0.5389007   -0.4076507 
   0.1116117   -0.5542599    0.8248265   -1.1496904 
   0.0000000    0.0000000    0.0000000    1.0000000 

Read image from: ../../data/pepsi_data/images/image-081.png
Processing: Frame: 81d.val[0][bst_idx]: 3.10476
, Matches: 47, Inliers: 59.5745 %, Current pose: 
image-081.png
   0.8851467    0.4360028    0.1625327   -1.9039116 
  -0.4517280    0.7213956    0.5249097   -0.3355892 
   0.1116118   -0.5380426    0.8354956   -1.1674947 
   0.0000000    0.0000000    0.0000000    1.0000000 

Read image from: ../../data/pepsi_data/images/image-082.png
Processing: Frame: 82Returning empty transform as median>motion threshold i.e. there's too much option.
 ... failed!
Read image from: ../../data/pepsi_data/images/image-083.png
Processing: Frame: 83d.val[0][bst_idx]: 3.41654
, Matches: 48, Inliers: 39.5833 %, Current pose: 
image-083.png
   0.8851467    0.4375696    0.1582661   -1.9751851 
  -0.4517280    0.7264885    0.5178380   -0.2992153 
   0.1116117   -0.5298558    0.8407114   -1.1764819 
   0.0000000    0.0000000    0.0000000    1.0000000 

Read image from: ../../data/pepsi_data/images/image-084.png
Processing: Frame: 84Returning empty transform as median>motion threshold i.e. there's too much option.
 ... failed!
Read image from: ../../data/pepsi_data/images/image-085.png
Processing: Frame: 85d.val[0][bst_idx]: 2.7309
, Matches: 46, Inliers: 60.8696 %, Current pose: 
image-085.png
   0.8890265    0.4289312    0.1601556   -1.9470763 
  -0.4421900    0.7136491    0.5432983   -0.3373911 
   0.1187427   -0.5538258    0.8241221   -1.2322212 
   0.0000000    0.0000000    0.0000000    1.0000000 

Read image from: ../../data/pepsi_data/images/image-086.png
Processing: Frame: 86d.val[0][bst_idx]: 4.13092
, Matches: 89, Inliers: 66.2921 %, Current pose: 
image-086.png
   0.8890266    0.4265387    0.1664223   -2.0284622 
  -0.4421896    0.7056123    0.5536963   -0.2969110 
   0.1187433   -0.5658409    0.8159192   -1.2430918 
   0.0000000    0.0000000    0.0000000    1.0000000 

Read image from: ../../data/pepsi_data/images/image-087.png
Processing: Frame: 87d.val[0][bst_idx]: 0.934463
, Matches: 38, Inliers: 55.2632 %, Current pose: 
image-087.png
   0.8890266    0.4265387    0.1664222   -2.0822655 
  -0.4421896    0.7056123    0.5536963   -0.2701501 
   0.1187433   -0.5658410    0.8159191   -1.2502782 
   0.0000000    0.0000000    0.0000000    1.0000000 

Read image from: ../../data/pepsi_data/images/image-088.png
Processing: Frame: 88d.val[0][bst_idx]: 1.10952
, Matches: 46, Inliers: 47.8261 %, Current pose: 
image-088.png
   0.8890267    0.4265387    0.1664221   -2.3201097 
  -0.4421895    0.7056124    0.5536963   -0.1518499 
   0.1187434   -0.5658409    0.8159192   -1.2820464 
   0.0000000    0.0000000    0.0000000    1.0000000 

Read image from: ../../data/pepsi_data/images/image-089.png
Processing: Frame: 89d.val[0][bst_idx]: 0.907354
, Matches: 60, Inliers: 35 %, Current pose: 
image-089.png
   0.8860380    0.4288660    0.1760986   -2.4938420 
  -0.4479739    0.6941593    0.5634379   -0.0133494 
   0.1193989   -0.5781150    0.8071722   -1.2445646 
   0.0000000    0.0000000    0.0000000    1.0000000 

Read image from: ../../data/pepsi_data/images/image-090.png
Processing: Frame: 90d.val[0][bst_idx]: 1.44523
, Matches: 46, Inliers: 60.8696 %, Current pose: 
image-090.png
   0.8976197    0.3980482    0.1893055   -2.4453808 
  -0.4311589    0.7037350    0.5646760    0.1067996 
   0.0915474   -0.5884850    0.8033084   -1.0013967 
   0.0000000    0.0000000    0.0000000    1.0000000 

Read image from: ../../data/pepsi_data/images/image-091.png
Processing: Frame: 91d.val[0][bst_idx]: 5.62767
, Matches: 79, Inliers: 53.1646 %, Current pose: 
image-091.png
   0.8976197    0.3980482    0.1893054   -2.6006539 
  -0.4311589    0.7037350    0.5646760    0.1813830 
   0.0915474   -0.5884850    0.8033084   -1.0172327 
   0.0000000    0.0000000    0.0000000    1.0000000 

Read image from: ../../data/pepsi_data/images/image-092.png
Processing: Frame: 92d.val[0][bst_idx]: 13.5595
, Matches: 41, Inliers: 68.2927 %, Current pose: 
image-092.png
   0.8976197    0.3961800    0.1931846   -2.5607787 
  -0.4311589    0.6981857    0.5715232    0.1622294 
   0.0915474   -0.5963037    0.7975217   -1.0131658 
   0.0000000    0.0000000    0.0000000    1.0000000 

Read image from: ../../data/pepsi_data/images/image-093.png
Processing: Frame: 93d.val[0][bst_idx]: 9.18921
, Matches: 74, Inliers: 81.0811 %, Current pose: 
image-093.png
   0.8976197    0.3971189    0.1912471   -2.5773283 
  -0.4311588    0.7009688    0.5681064    0.1701788 
   0.0915475   -0.5924013    0.8004247   -1.0148537 
   0.0000000    0.0000000    0.0000000    1.0000000 

Read image from: ../../data/pepsi_data/images/image-094.png
Processing: Frame: 94d.val[0][bst_idx]: 3.78019
, Matches: 53, Inliers: 50.9434 %, Current pose: 
image-094.png
   0.8976197    0.3942743    0.1970448   -2.5529078 
  -0.4311588    0.6925702    0.5783153    0.1584488 
   0.0915475   -0.6040648    0.7916595   -1.0123631 
   0.0000000    0.0000000    0.0000000    1.0000000 

Read image from: ../../data/pepsi_data/images/image-095.png
Processing: Frame: 95Returning empty transform as median>motion threshold i.e. there's too much option.
 ... failed!
Read image from: ../../data/pepsi_data/images/image-096.png
Processing: Frame: 96d.val[0][bst_idx]: 6.33367
, Matches: 67, Inliers: 59.7015 %, Current pose: 
image-096.png
   0.8976197    0.3913451    0.2028002   -2.4935444 
  -0.4311589    0.6840229    0.5884001    0.1299344 
   0.0915475   -0.6155986    0.7827243   -1.0063087 
   0.0000000    0.0000000    0.0000000    1.0000000 

Read image from: ../../data/pepsi_data/images/image-097.png
Processing: Frame: 97d.val[0][bst_idx]: 4.14937
, Matches: 48, Inliers: 75 %, Current pose: 
image-097.png
   0.8976197    0.3903499    0.2047092   -2.5289749 
  -0.4311589    0.6811409    0.5917340    0.1469529 
   0.0915475   -0.6194143    0.7797083   -1.0099223 
   0.0000000    0.0000000    0.0000000    1.0000000 

Read image from: ../../data/pepsi_data/images/image-098.png
Processing: Frame: 98d.val[0][bst_idx]: 1.1515
, Matches: 64, Inliers: 57.8125 %, Current pose: 
image-098.png
   0.8976197    0.3903499    0.2047093   -2.5830565 
  -0.4311589    0.6811409    0.5917340    0.1729302 
   0.0915474   -0.6194143    0.7797083   -1.0154380 
   0.0000000    0.0000000    0.0000000    1.0000000 

Read image from: ../../data/pepsi_data/images/image-099.png
Processing: Frame: 99d.val[0][bst_idx]: 0.55114
, Matches: 49, Inliers: 48.9796 %, Current pose: 
image-099.png
   0.8976197    0.3923309    0.2008865   -2.7779364 
  -0.4311588    0.6868884    0.5850525    0.2665379 
   0.0915476   -0.6117686    0.7857215   -1.0353139 
   0.0000000    0.0000000    0.0000000    1.0000000 

Read image from: ../../data/pepsi_data/images/image-100.png
Processing: Frame: 100d.val[0][bst_idx]: 4.73549
, Matches: 46, Inliers: 69.5652 %, Current pose: 
image-100.png
   0.8949996    0.4025858    0.1920949   -3.0055040 
  -0.4366432    0.7026414    0.5618165    0.5707115 
   0.0912055   -0.5867025    0.8046501   -0.7874244 
   0.0000000    0.0000000    0.0000000    1.0000000 

Read image from: ../../data/pepsi_data/images/image-101.png
Processing: Frame: 101d.val[0][bst_idx]: 5.37157
, Matches: 66, Inliers: 39.3939 %, Current pose: 
image-101.png
   0.8968179    0.4148605    0.1536503   -2.9917668 
  -0.4235922    0.7050473    0.5687512    0.5367585 
   0.1276217   -0.5751513    0.8080307   -0.8254450 
   0.0000000    0.0000000    0.0000000    1.0000000 

Read image from: ../../data/pepsi_data/images/image-102.png
Processing: Frame: 102d.val[0][bst_idx]: 15.0888
, Matches: 53, Inliers: 54.717 %, Current pose: 
image-102.png
   0.8968179    0.4156060    0.1516223   -3.0335059 
  -0.4235923    0.7078168    0.5653008    0.5564730 
   0.1276216   -0.5711979    0.8108303   -0.8313848 
   0.0000000    0.0000000    0.0000000    1.0000000 

Read image from: ../../data/pepsi_data/images/image-103.png
Processing: Frame: 103d.val[0][bst_idx]: 10.3751
, Matches: 69, Inliers: 43.4783 %, Current pose: 
image-103.png
   0.9006071    0.4058939    0.1554252   -3.0207314 
  -0.4170973    0.7065650    0.5716604    0.5468900 
   0.1222155   -0.5796689    0.8056348   -0.8358005 
   0.0000000    0.0000000    0.0000000    1.0000000 

Read image from: ../../data/pepsi_data/images/image-104.png
Processing: Frame: 104Returning empty transform as median>motion threshold i.e. there's too much option.
 ... failed!
Read image from: ../../data/pepsi_data/images/image-105.png
Processing: Frame: 105Returning empty transform as median>motion threshold i.e. there's too much option.
 ... failed!
Read image from: ../../data/pepsi_data/images/image-106.png
Processing: Frame: 106Returning empty transform as median>motion threshold i.e. there's too much option.
 ... failed!
Read image from: ../../data/pepsi_data/images/image-107.png
Processing: Frame: 107Returning empty transform as median>motion threshold i.e. there's too much option.
 ... failed!
Read image from: ../../data/pepsi_data/images/image-108.png
Processing: Frame: 108Returning empty transform as median>motion threshold i.e. there's too much option.
 ... failed!
Read image from: ../../data/pepsi_data/images/image-109.png
Processing: Frame: 109d.val[0][bst_idx]: 3.16239
, Matches: 47, Inliers: 68.0851 %, Current pose: 
image-109.png
   0.9006071    0.4051299    0.1574058   -2.9990302 
  -0.4170974    0.7037646    0.5751045    0.5368395 
   0.1222155   -0.5835968    0.8027940   -0.8328555 
   0.0000000    0.0000000    0.0000000    1.0000000 

Read image from: ../../data/pepsi_data/images/image-110.png
Processing: Frame: 110d.val[0][bst_idx]: 12.3485
, Matches: 33, Inliers: 60.6061 %, Current pose: 
image-110.png
   0.8967061    0.4139316    0.1567763   -3.0196116 
  -0.4244956    0.7038883    0.5695128    0.5805921 
   0.1253863   -0.5772364    0.8068931   -0.7703122 
   0.0000000    0.0000000    0.0000000    1.0000000 

Read image from: ../../data/pepsi_data/images/image-111.png
Processing: Frame: 111Returning empty transform as median>motion threshold i.e. there's too much option.
 ... failed!
Read image from: ../../data/pepsi_data/images/image-112.png
Processing: Frame: 112d.val[0][bst_idx]: 3.30589
, Matches: 57, Inliers: 43.8596 %, Current pose: 
image-112.png
   0.8967060    0.4146924    0.1547530   -3.0377657 
  -0.4244957    0.7066615    0.5660680    0.5891862 
   0.1253861   -0.5732885    0.8097028   -0.7728507 
   0.0000000    0.0000000    0.0000000    1.0000000 

Read image from: ../../data/pepsi_data/images/image-113.png
Processing: Frame: 113d.val[0][bst_idx]: 2.8693
, Matches: 44, Inliers: 54.5455 %, Current pose: 
image-113.png
   0.8941537    0.4340108    0.1101083   -2.9716530 
  -0.4076787    0.6874199    0.6010424    0.5609766 
   0.1851682   -0.5823131    0.7915960   -0.7493538 
   0.0000000    0.0000000    0.0000000    1.0000000 

Read image from: ../../data/pepsi_data/images/image-114.png
Processing: Frame: 114d.val[0][bst_idx]: 6.10826
, Matches: 47, Inliers: 68.0851 %, Current pose: 
image-114.png
   0.8950862    0.4360456    0.0931931   -3.0444744 
  -0.3989858    0.6899232    0.6040003    0.5631211 
   0.1990756   -0.5778151    0.7915167   -0.7971449 
   0.0000000    0.0000000    0.0000000    1.0000000 

Read image from: ../../data/pepsi_data/images/image-115.png
Processing: Frame: 115d.val[0][bst_idx]: 3.85599
, Matches: 74, Inliers: 55.4054 %, Current pose: 
image-115.png
   0.8950862    0.4360456    0.0931931   -3.0811087 
  -0.3989858    0.6899232    0.6040003    0.5794509 
   0.1990756   -0.5778150    0.7915167   -0.8052927 
   0.0000000    0.0000000    0.0000000    1.0000000 

Read image from: ../../data/pepsi_data/images/image-116.png
Processing: Frame: 116d.val[0][bst_idx]: 0.832353
, Matches: 49, Inliers: 63.2653 %, Current pose: 
image-116.png
   0.8934593    0.4386987    0.0963012   -3.0894888 
  -0.4009162    0.6823174    0.6113176    0.5618046 
   0.2024762   -0.5847961    0.7855042   -0.8671138 
   0.0000000    0.0000000    0.0000000    1.0000000 

Read image from: ../../data/pepsi_data/images/image-117.png
Processing: Frame: 117Returning empty transform as median>motion threshold i.e. there's too much option.
 ... failed!
Read image from: ../../data/pepsi_data/images/image-118.png
Processing: Frame: 118d.val[0][bst_idx]: 17.3653
, Matches: 97, Inliers: 48.4536 %, Current pose: 
image-118.png
   0.9129266    0.4035320    0.0610480   -2.9275350 
  -0.3539732    0.7084348    0.6105924    0.6442261 
   0.2031451   -0.5790354    0.7895885   -0.6279702 
   0.0000000    0.0000000    0.0000000    1.0000000 

Read image from: ../../data/pepsi_data/images/image-119.png
Processing: Frame: 119d.val[0][bst_idx]: 6.37876
, Matches: 78, Inliers: 83.3333 %, Current pose: 
image-119.png
   0.9129266    0.4035320    0.0610479   -2.9409364 
  -0.3539732    0.7084348    0.6105924    0.6406178 
   0.2031452   -0.5790354    0.7895885   -0.6241437 
   0.0000000    0.0000000    0.0000000    1.0000000 

Read image from: ../../data/pepsi_data/images/image-120.png
Processing: Frame: 120d.val[0][bst_idx]: 2.6421
, Matches: 33, Inliers: 48.4848 %, Current pose: 
image-120.png
   0.9129266    0.4035320    0.0610480   -2.9051564 
  -0.3539732    0.7084348    0.6105924    0.6267446 
   0.2031451   -0.5790354    0.7895885   -0.6161818 
   0.0000000    0.0000000    0.0000000    1.0000000 

Read image from: ../../data/pepsi_data/images/image-121.png
Processing: Frame: 121Returning empty transform as median>motion threshold i.e. there's too much option.
 ... failed!
Read image from: ../../data/pepsi_data/images/image-122.png
Processing: Frame: 122d.val[0][bst_idx]: 2.18255
, Matches: 42, Inliers: 59.5238 %, Current pose: 
image-122.png
   0.9129266    0.4029166    0.0649865   -2.8187738 
  -0.3539731    0.7024368    0.6174832    0.5932508 
   0.2031453   -0.5867204    0.7838949   -0.5969604 
   0.0000000    0.0000000    0.0000000    1.0000000 

Read image from: ../../data/pepsi_data/images/image-123.png
Processing: Frame: 123d.val[0][bst_idx]: 5.12868
, Matches: 41, Inliers: 63.4146 %, Current pose: 
image-123.png
   0.8972020    0.4333684    0.0849728   -2.8219590 
  -0.3877555    0.6809601    0.6212399    0.6673091 
   0.2113626   -0.5903264    0.7789997   -0.5096351 
   0.0000000    0.0000000    0.0000000    1.0000000 

Read image from: ../../data/pepsi_data/images/image-124.png
Processing: Frame: 124d.val[0][bst_idx]: 5.78731
, Matches: 67, Inliers: 71.6418 %, Current pose: 
image-124.png
   0.8964760    0.4353235    0.0826087   -2.8212194 
  -0.3869904    0.6784413    0.6244644    0.6971638 
   0.2157989   -0.5917861    0.7766724   -0.5481614 
   0.0000000    0.0000000    0.0000000    1.0000000 

Read image from: ../../data/pepsi_data/images/image-125.png
Processing: Frame: 125Returning empty transform as num points to the side of image plane is <10.
 ... failed!
Read image from: ../../data/pepsi_data/images/image-126.png
Processing: Frame: 126d.val[0][bst_idx]: 1.64091
, Matches: 17, Inliers: 64.7059 %, Current pose: 
image-126.png
   0.8989039    0.4314266    0.0764385   -2.8591899 
  -0.3811768    0.6840085    0.6219619    0.7048022 
   0.2160463   -0.5882206    0.7793077   -0.5672914 
   0.0000000    0.0000000    0.0000000    1.0000000 

Read image from: ../../data/pepsi_data/images/image-127.png
Processing: Frame: 127d.val[0][bst_idx]: 1.16926
, Matches: 22, Inliers: 59.0909 %, Current pose: 
image-127.png
   0.8760505    0.4818519   -0.0188236   -2.8307364 
  -0.3466126    0.6563516    0.6701211    0.7780876 
   0.3352540   -0.5805354    0.7420131   -0.4367863 
   0.0000000    0.0000000    0.0000000    1.0000000 

Read image from: ../../data/pepsi_data/images/image-128.png
Processing: Frame: 128d.val[0][bst_idx]: 0.415368
, Matches: 40, Inliers: 55 %, Current pose: 
image-128.png
   0.9074956    0.4199568    0.0093862   -2.9513241 
  -0.2951970    0.6216834    0.7255126    0.9185776 
   0.2988487   -0.6611702    0.6881449   -0.3298483 
   0.0000000    0.0000000    0.0000000    1.0000000 

Read image from: ../../data/pepsi_data/images/image-129.png
Processing: Frame: 129Returning empty transform as median>motion threshold i.e. there's too much option.
 ... failed!
Read image from: ../../data/pepsi_data/images/image-130.png
Processing: Frame: 130d.val[0][bst_idx]: 0.589843
, Matches: 26, Inliers: 65.3846 %, Current pose: 
image-130.png
   0.9049521    0.4243784   -0.0310604   -2.4741364 
  -0.2809318    0.6506968    0.7054580    0.7801269 
   0.3195920   -0.6296798    0.7080708   -0.6695212 
   0.0000000    0.0000000    0.0000000    1.0000000 

Read image from: ../../data/pepsi_data/images/image-131.png
Processing: Frame: 131d.val[0][bst_idx]: 0.528396
, Matches: 33, Inliers: 66.6667 %, Current pose: 
image-131.png
   0.8319223    0.5534785   -0.0395842   -2.5402686 
  -0.3768226    0.6158770    0.6918817    1.0870396 
   0.4073206   -0.5606756    0.7209250   -0.3847879 
   0.0000000    0.0000000    0.0000000    1.0000000 

Read image from: ../../data/pepsi_data/images/image-132.png
Processing: Frame: 132d.val[0][bst_idx]: 5.94903
, Matches: 50, Inliers: 50 %, Current pose: 
image-132.png
   0.8340306    0.5503150   -0.0393235   -2.6864189 
  -0.3743367    0.6168032    0.6924059    1.4172571 
   0.4052962   -0.5627675    0.7204358   -0.0790945 
   0.0000000    0.0000000    0.0000000    1.0000000 

Read image from: ../../data/pepsi_data/images/image-133.png
Processing: Frame: 133d.val[0][bst_idx]: 0.758134
, Matches: 48, Inliers: 58.3333 %, Current pose: 
image-133.png
   0.8627893    0.5055178   -0.0068114   -2.7057390 
  -0.3691803    0.6391865    0.6746455    1.3878520 
   0.3453991   -0.5795623    0.7381105   -0.1020739 
   0.0000000    0.0000000    0.0000000    1.0000000 

Read image from: ../../data/pepsi_data/images/image-134.png
Processing: Frame: 134d.val[0][bst_idx]: 2.05792
, Matches: 48, Inliers: 68.75 %, Current pose: 
image-134.png
   0.8622539    0.5064531   -0.0048399   -2.5236660 
  -0.3710326    0.6381430    0.6746172    1.2138507 
   0.3447505   -0.5798955    0.7381519   -0.3149417 
   0.0000000    0.0000000    0.0000000    1.0000000 

