image-006.png
   1.0000000    0.0000000   -0.0000001   -0.0263924 
  -0.0000000    1.0000000   -0.0000001   -0.0263924 
   0.0000001    0.0000001    1.0000000    0.0000000 
   0.0000000    0.0000000    0.0000000    1.0000000 

image-008.png
   1.0000000    0.0000000   -0.0000000    0.0213073 
  -0.0000000    1.0000000   -0.0000001   -0.0263923 
   0.0000000    0.0000001    1.0000000   -0.0000000 
   0.0000000    0.0000000    0.0000000    1.0000000 

image-014.png
   0.9999341   -0.0082737   -0.0079630    0.0838610 
   0.0080573    0.9996073   -0.0268396    0.0049221 
   0.0081820    0.0267737    0.9996080    0.0469510 
   0.0000000    0.0000000    0.0000000    1.0000000 

image-015.png
   0.9999341   -0.0082737   -0.0079629    0.1070874 
   0.0080572    0.9996073   -0.0268395    0.0285233 
   0.0081818    0.0267736    0.9996080    0.0477698 
   0.0000000    0.0000000    0.0000000    1.0000000 

image-016.png
   0.9999116   -0.0082512   -0.0104251    0.1315042 
   0.0079946    0.9996699   -0.0244181    0.0533341 
   0.0106232    0.0243326    0.9996475    0.0486306 
   0.0000000    0.0000000    0.0000000    1.0000000 

image-018.png
   0.9999116   -0.0082002   -0.0104653    0.1086928 
   0.0079946    0.9997772   -0.0195352    0.0531518 
   0.0106231    0.0194499    0.9997544    0.0483882 
   0.0000000    0.0000000    0.0000000    1.0000000 

image-020.png
   0.9985712   -0.0107925   -0.0523368    0.0218188 
   0.0108556    0.9999407    0.0009204    0.0285247 
   0.0523237   -0.0014872    0.9986291   -0.2024793 
   0.0000000    0.0000000    0.0000000    1.0000000 

image-021.png
   0.9985712   -0.0107925   -0.0523368   -0.0941772 
   0.0108556    0.9999407    0.0009203    0.0272637 
   0.0523237   -0.0014872    0.9986291   -0.2085570 
   0.0000000    0.0000000    0.0000000    1.0000000 

image-022.png
   0.9985712   -0.0105368   -0.0523889   -0.2196724 
   0.0108556    0.9999242    0.0058043    0.0258994 
   0.0523238   -0.0063647    0.9986099   -0.2151327 
   0.0000000    0.0000000    0.0000000    1.0000000 

image-023.png
   0.9974838   -0.0515196    0.0487022   -0.4095455 
   0.0444407    0.9896199    0.1366658   -0.0724722 
  -0.0552376   -0.1341576    0.9894193   -0.0900487 
   0.0000000    0.0000000    0.0000000    1.0000000 

image-024.png
   0.9974837   -0.0515196    0.0487023   -0.5528800 
   0.0444407    0.9896199    0.1366657   -0.0788581 
  -0.0552377   -0.1341575    0.9894193   -0.0821113 
   0.0000000    0.0000000    0.0000000    1.0000000 

image-025.png
   0.9974837   -0.0512811    0.0489534   -0.6029890 
   0.0444407    0.9902756    0.1318305   -0.0810906 
  -0.0552377   -0.1293233    0.9900628   -0.0793362 
   0.0000000    0.0000000    0.0000000    1.0000000 

image-026.png
   0.9974837   -0.0510414    0.0492032   -0.6355246 
   0.0444407    0.9909077    0.1269922   -0.0825401 
  -0.0552377   -0.1244860    0.9906826   -0.0775345 
   0.0000000    0.0000000    0.0000000    1.0000000 

image-031.png
   0.9974837   -0.0508004    0.0494520   -0.5902532 
   0.0444407    0.9915161    0.1221507   -0.0805231 
  -0.0552378   -0.1196456    0.9912788   -0.0800414 
   0.0000000    0.0000000    0.0000000    1.0000000 

image-032.png
   0.9974837   -0.0508004    0.0494520   -0.5638786 
   0.0444407    0.9915161    0.1221507   -0.0793481 
  -0.0552378   -0.1196456    0.9912788   -0.0815020 
   0.0000000    0.0000000    0.0000000    1.0000000 

image-033.png
   0.9974837   -0.0508004    0.0494520   -0.5112831 
   0.0444407    0.9915161    0.1221506   -0.0770048 
  -0.0552378   -0.1196455    0.9912788   -0.0844146 
   0.0000000    0.0000000    0.0000000    1.0000000 

image-034.png
   0.9974837   -0.0510414    0.0492033   -0.4888272 
   0.0444407    0.9909077    0.1269919   -0.0760043 
  -0.0552378   -0.1244857    0.9906826   -0.0856581 
   0.0000000    0.0000000    0.0000000    1.0000000 

image-037.png
   0.9974837   -0.0508004    0.0494520   -0.5162292 
   0.0444407    0.9915161    0.1221506   -0.0772251 
  -0.0552378   -0.1196455    0.9912788   -0.0841407 
   0.0000000    0.0000000    0.0000000    1.0000000 

image-040.png
   0.9974837   -0.0508004    0.0494521   -0.4897203 
   0.0444407    0.9915161    0.1221507   -0.0760441 
  -0.0552378   -0.1196456    0.9912788   -0.0856087 
   0.0000000    0.0000000    0.0000000    1.0000000 

image-041.png
   0.9974837   -0.0508004    0.0494521   -0.4617760 
   0.0444407    0.9915161    0.1221507   -0.0747991 
  -0.0552379   -0.1196456    0.9912788   -0.0871562 
   0.0000000    0.0000000    0.0000000    1.0000000 

image-047.png
   0.9974837   -0.0508004    0.0494520   -0.4869898 
   0.0444407    0.9915161    0.1221507   -0.0759224 
  -0.0552378   -0.1196456    0.9912788   -0.0857599 
   0.0000000    0.0000000    0.0000000    1.0000000 

image-051.png
   0.9921379   -0.0623828    0.1084931   -0.4781102 
   0.0485639    0.9908852    0.1256502   -0.1034463 
  -0.1153426   -0.1193935    0.9861244    0.1368700 
   0.0000000    0.0000000    0.0000000    1.0000000 

image-052.png
   0.9921379   -0.0623828    0.1084932   -0.4401749 
   0.0485638    0.9908852    0.1256503   -0.1015894 
  -0.1153427   -0.1193936    0.9861244    0.1324599 
   0.0000000    0.0000000    0.0000000    1.0000000 

image-054.png
   0.9918053   -0.0633212    0.1109627   -0.4152624 
   0.0487737    0.9904138    0.1292347   -0.0739268 
  -0.1180823   -0.1227636    0.9853860    0.1270705 
   0.0000000    0.0000000    0.0000000    1.0000000 

image-059.png
   0.9974118   -0.0521025    0.0495492   -0.4686545 
   0.0467172    0.9934541    0.1042422   -0.0784198 
  -0.0546561   -0.1016576    0.9933169    0.0989912 
   0.0000000    0.0000000    0.0000000    1.0000000 

image-060.png
   0.9984648   -0.0514294   -0.0205684   -0.3633556 
   0.0528442    0.9957463    0.0754766   -0.0478428 
   0.0165992   -0.0764476    0.9969354    0.1955679 
   0.0000000    0.0000000    0.0000000    1.0000000 

image-061.png
   0.9984648   -0.0510178   -0.0215690   -0.3890872 
   0.0528442    0.9940820    0.0949125   -0.0492046 
   0.0165991   -0.0959066    0.9952519    0.1951401 
   0.0000000    0.0000000    0.0000000    1.0000000 

image-062.png
   0.9892508   -0.1414705    0.0369986   -0.8872498 
   0.1355717    0.9821344    0.1305078   -0.2214562 
  -0.0548006   -0.1240890    0.9907567   -1.6906621 
   0.0000000    0.0000000    0.0000000    1.0000000 

image-065.png
   0.9892508   -0.1414704    0.0369985   -0.9307214 
   0.1355717    0.9821344    0.1305077   -0.2787688 
  -0.0548005   -0.1240889    0.9907567   -1.6814893 
  -0.0000000    0.0000000   -0.0000000    1.0000000 

image-066.png
   0.9892508   -0.1407207    0.0397549   -1.0147936 
   0.1355717    0.9844963    0.1112984   -0.2902904 
  -0.0548005   -0.1047124    0.9929915   -1.6768321 
  -0.0000000    0.0000000   -0.0000000    1.0000000 

image-067.png
   0.9892508   -0.1403257    0.0411274   -1.0314004 
   0.1355717    0.9855365    0.1016766   -0.2925663 
  -0.0548004   -0.0950079    0.9939670   -1.6759122 
  -0.0000000    0.0000000   -0.0000000    1.0000000 

image-068.png
   0.9665668   -0.2491292   -0.0606903   -0.9966199 
   0.2542385    0.9619049    0.1005079   -0.2768414 
   0.0333389   -0.1125774    0.9930835   -1.7480382 
   0.0000000    0.0000000   -0.0000000    1.0000000 

image-069.png
   0.9640322   -0.2467681   -0.0987288   -0.9637354 
   0.2512496    0.9672645    0.0356805   -0.2648404 
   0.0866921   -0.0592027    0.9944745   -1.7520870 
   0.0000000    0.0000000   -0.0000000    1.0000000 

image-070.png
   0.9808467   -0.1931279   -0.0253234   -1.1165958 
   0.1937048    0.9807966    0.0227259   -0.2767366 
   0.0204481   -0.0271959    0.9994210   -1.4238005 
   0.0000000    0.0000000   -0.0000000    1.0000000 

image-071.png
   0.9707843   -0.2395768    0.0134461   -1.1992896 
   0.2392592    0.9707138    0.0216759   -0.3020621 
  -0.0182453   -0.0178255    0.9996746   -1.4918749 
   0.0000000    0.0000000   -0.0000000    1.0000000 

image-072.png
   0.9707843   -0.2396396    0.0122758   -1.2894085 
   0.2392592    0.9705963    0.0264168   -0.3242728 
  -0.0182454   -0.0227079    0.9995756   -1.4901813 
   0.0000000    0.0000000   -0.0000000    1.0000000 

image-073.png
   0.9725117   -0.2327015    0.0084320   -1.3526377 
   0.2325537    0.9724587    0.0155842   -0.3395077 
  -0.0118263   -0.0131949    0.9998430   -1.4666368 
   0.0000000    0.0000000   -0.0000000    1.0000000 

image-076.png
   0.9725117   -0.2327015    0.0084321   -1.3979886 
   0.2325537    0.9724587    0.0155842   -0.3503524 
  -0.0118263   -0.0131949    0.9998430   -1.4660853 
   0.0000000    0.0000000   -0.0000000    1.0000000 

image-079.png
   0.9725117   -0.2326080    0.0107047   -1.4706258 
   0.2325537    0.9725645    0.0060845   -0.3677219 
  -0.0118263   -0.0034279    0.9999242   -1.4652021 
   0.0000000    0.0000000   -0.0000000    1.0000000 

image-080.png
   0.9725117   -0.2323546    0.0152460   -1.6181679 
   0.2325537    0.9724978   -0.0129141   -0.4030032 
  -0.0118261    0.0161046    0.9998004   -1.4634076 
   0.0000000    0.0000000   -0.0000000    1.0000000 

image-081.png
   0.9725117   -0.2321945    0.0175150   -1.7003070 
   0.2325537    0.9723253   -0.0224129   -0.4226448 
  -0.0118262    0.0258700    0.9995954   -1.4624089 
   0.0000000    0.0000000   -0.0000000    1.0000000 

image-083.png
   0.9867004   -0.1393123   -0.0837525   -1.6347669 
   0.1448834    0.9873396    0.0645705   -0.3808645 
   0.0736967   -0.0758461    0.9943924   -1.4011823 
  -0.0000000    0.0000000   -0.0000000    1.0000000 

image-084.png
   0.9867004   -0.1372261   -0.0871287   -1.6516758 
   0.1448834    0.9854689    0.0886562   -0.3833473 
   0.0736967   -0.1001006    0.9922443   -1.4024452 
  -0.0000000    0.0000000   -0.0000000    1.0000000 

image-085.png
   0.9867003   -0.1359348   -0.0891304   -1.8025917 
   0.1448835    0.9840641    0.1030852   -0.4055073 
   0.0736971   -0.1146277    0.9906711   -1.4137177 
  -0.0000000    0.0000000   -0.0000000    1.0000000 

image-086.png
   0.9867003   -0.1359348   -0.0891303   -1.8610053 
   0.1448835    0.9840641    0.1030853   -0.4140845 
   0.0736970   -0.1146278    0.9906711   -1.4180807 
  -0.0000000    0.0000000   -0.0000000    1.0000000 

image-087.png
   0.9867003   -0.1359348   -0.0891302   -2.1714014 
   0.1448835    0.9840641    0.1030852   -0.4596618 
   0.0736969   -0.1146276    0.9906711   -1.4412642 
  -0.0000000    0.0000000   -0.0000000    1.0000000 

image-088.png
   0.9881680   -0.1289782   -0.0829981   -2.4084739 
   0.1382617    0.9833369    0.1180353   -0.4787110 
   0.0663911   -0.1281141    0.9895347   -1.3551773 
  -0.0000000    0.0000000    0.0000000    1.0000000 

image-089.png
   0.9861704   -0.1290058   -0.1040457   -2.3831222 
   0.1410437    0.9829323    0.1181133   -0.4797991 
   0.0870326   -0.1311549    0.9875342   -1.3279821 
  -0.0000000    0.0000000    0.0000000    1.0000000 

image-090.png
   0.9861704   -0.1290059   -0.1040454   -2.5720686 
   0.1410437    0.9829324    0.1181129   -0.5068225 
   0.0870324   -0.1311544    0.9875342   -1.3446559 
  -0.0000000    0.0000000    0.0000000    1.0000000 

image-091.png
   0.9861704   -0.1279834   -0.1053006   -2.5273200 
   0.1410437    0.9817318    0.1277084   -0.5004225 
   0.0870324   -0.1407942    0.9862060   -1.3407068 
  -0.0000000    0.0000000    0.0000000    1.0000000 

image-092.png
   0.9861704   -0.1284962   -0.1046740   -2.5658042 
   0.1410437    0.9823438    0.1229119   -0.5059266 
   0.0870321   -0.1359757    0.9868820   -1.3441031 
  -0.0000000    0.0000000    0.0000000    1.0000000 

image-093.png
   0.9861704   -0.1269488   -0.1065453   -2.5412664 
   0.1410436    0.9804376    0.1372909   -0.5024171 
   0.0870321   -0.1504198    0.9847839   -1.3419377 
  -0.0000000    0.0000000    0.0000000    1.0000000 

image-094.png
   0.9861704   -0.1253742   -0.1083939   -2.4109066 
   0.1410437    0.9783209    0.1516408   -0.4837729 
   0.0870322   -0.1648319    0.9824743   -1.3304326 
  -0.0000000    0.0000000    0.0000000    1.0000000 

image-095.png
   0.9850646   -0.1253742   -0.1180216   -2.4153226 
   0.1425182    0.9783209    0.1502558   -0.4493141 
   0.0966248   -0.1648319    0.9815774   -1.3362383 
  -0.0000000    0.0000000    0.0000000    1.0000000 

image-096.png
   0.9850646   -0.1247962   -0.1186326   -2.4542046 
   0.1425182    0.9775753    0.1550323   -0.4549395 
   0.0966248   -0.1696242    0.9807606   -1.3400523 
  -0.0000000    0.0000000    0.0000000    1.0000000 

image-097.png
   0.9850646   -0.1247962   -0.1186326   -2.5139275 
   0.1425182    0.9775753    0.1550323   -0.4635802 
   0.0966249   -0.1696242    0.9807606   -1.3459105 
  -0.0000000    0.0000000    0.0000000    1.0000000 

image-098.png
   0.9850646   -0.1259491   -0.1174078   -2.7117344 
   0.1425182    0.9790431    0.1454758   -0.4921987 
   0.0966248   -0.1600358    0.9823707   -1.3653131 
  -0.0000000    0.0000000    0.0000000    1.0000000 

image-099.png
   0.9788697   -0.1451957   -0.1439872   -2.7069171 
   0.1626104    0.9796576    0.1175961   -0.5021320 
   0.1239837   -0.1385251    0.9825675   -1.2363891 
   0.0000000    0.0000000    0.0000000    1.0000000 

image-101.png
   0.9809752   -0.1377419   -0.1368022   -2.6226518 
   0.1540824    0.9811006    0.1170477   -0.4096150 
   0.1180943   -0.1358997    0.9836590   -1.7772170 
  -0.0000000    0.0000000    0.0000000    1.0000000 

image-103.png
   0.9824487   -0.1418022   -0.1211887   -2.6806980 
   0.1578623    0.9781599    0.1352138   -0.4242666 
   0.0993684   -0.1519717    0.9833771   -1.7029670 
   0.0000000    0.0000000    0.0000000    1.0000000 

image-108.png
   0.9842000   -0.1418657   -0.1059458   -2.6175656 
   0.1518046    0.9840728    0.0924995   -0.3430236 
   0.0911359   -0.1071210    0.9900603   -1.7090921 
  -0.0000000    0.0000000   -0.0000000    1.0000000 

image-109.png
   0.9842000   -0.1423815   -0.1052516   -2.6551179 
   0.1518046    0.9845128    0.0876920   -0.3488157 
   0.0911359   -0.1022841    0.9905717   -1.7125693 
  -0.0000000    0.0000000   -0.0000000    1.0000000 

image-110.png
   0.9840186   -0.1426019   -0.1066397   -2.7732152 
   0.1518822    0.9847687    0.0846314   -0.5111570 
   0.0929468   -0.0994755    0.9906894   -1.6875076 
  -0.0000000    0.0000000   -0.0000000    1.0000000 

image-112.png
   0.9818588   -0.1545797   -0.1098107   -2.7934451 
   0.1652028    0.9816459    0.0952856   -0.5225583 
   0.0930660   -0.1116981    0.9893747   -1.6587058 
   0.0000000    0.0000000   -0.0000000    1.0000000 

image-113.png
   0.9802963   -0.1530557   -0.1248721   -2.8618624 
   0.1646540    0.9823724    0.0885068   -0.5418975 
   0.1091245   -0.1073236    0.9882173   -1.7082846 
   0.0000000    0.0000000   -0.0000000    1.0000000 

image-114.png
   0.9802963   -0.1530557   -0.1248721   -2.9062621 
   0.1646540    0.9823724    0.0885067   -0.5493550 
   0.1091245   -0.1073235    0.9882173   -1.7132270 
   0.0000000    0.0000000   -0.0000000    1.0000000 

image-119.png
   0.9802963   -0.1530557   -0.1248721   -2.8679376 
   0.1646540    0.9823724    0.0885068   -0.5429179 
   0.1091245   -0.1073235    0.9882173   -1.7089608 
   0.0000000    0.0000000   -0.0000000    1.0000000 

image-120.png
   0.9802963   -0.1518287   -0.1263613   -2.7723908 
   0.1646541    0.9814610    0.0980986   -0.5268695 
   0.1091245   -0.1169716    0.9871218   -1.6983236 
   0.0000000    0.0000000   -0.0000000    1.0000000 

image-121.png
   0.9802963   -0.1518287   -0.1263617   -2.7862363 
   0.1646542    0.9814610    0.0980989   -0.5225951 
   0.1091248   -0.1169720    0.9871217   -1.7005207 
   0.0000000    0.0000000   -0.0000000    1.0000000 

image-122.png
   0.9873859   -0.1132429   -0.1106574   -2.8138845 
   0.1258878    0.9853687    0.1148945   -0.5155076 
   0.0960273   -0.1273756    0.9871951   -1.5873640 
  -0.0000000    0.0000000    0.0000000    1.0000000 

image-123.png
   0.9855201   -0.1206763   -0.1191107   -2.8244362 
   0.1363072    0.9816665    0.1332334   -0.5231401 
   0.1008489   -0.1475399    0.9839012   -1.5111081 
  -0.0000000    0.0000000    0.0000000    1.0000000 

image-124.png
   0.9843495   -0.1255747   -0.1236410   -2.8472213 
   0.1412770    0.9816989    0.1277034   -0.5275022 
   0.1053419   -0.1431724    0.9840756   -1.5212976 
  -0.0000000    0.0000000    0.0000000    1.0000000 

image-126.png
   0.9682347   -0.1560418   -0.1953780   -3.1066327 
   0.1803589    0.9770325    0.1134818   -0.5374432 
   0.1731828   -0.1451152    0.9741403   -0.9957946 
   0.0000000    0.0000000    0.0000000    1.0000000 

image-127.png
   0.9626086   -0.1531477   -0.2234513   -3.1972579 
   0.1847647    0.9743951    0.1281253   -0.5303078 
   0.1981078   -0.1646204    0.9662574   -0.8505435 
   0.0000000    0.0000000    0.0000000    1.0000000 

image-128.png
   0.9472353   -0.1786401   -0.2661448   -2.7324465 
   0.2086478    0.9739444    0.0888726   -0.1461653 
   0.2433341   -0.1397138    0.9598274   -1.3239895 
   0.0000000    0.0000000    0.0000000    1.0000000 

image-130.png
   0.9344754   -0.2173417   -0.2819897   -2.8017324 
   0.2412819    0.9690227    0.0527074   -0.0662020 
   0.2617989   -0.1172928    0.9579685   -1.0440239 
   0.0000000    0.0000000   -0.0000000    1.0000000 

image-131.png
   0.9343536   -0.2179427   -0.2819295   -3.0251747 
   0.2419501    0.9688456    0.0528999   -0.1176030 
   0.2616170   -0.1176401    0.9579756   -0.6439198 
   0.0000000    0.0000000   -0.0000000    1.0000000 

image-132.png
   0.9349273   -0.2159429   -0.2815663   -2.9203302 
   0.2395909    0.9694791    0.0520231   -0.0581092 
   0.2617386   -0.1160986    0.9581305   -0.8511966 
   0.0000000    0.0000000   -0.0000000    1.0000000 

image-133.png
   0.9342220   -0.2164860   -0.2834839   -2.7618025 
   0.2399301    0.9694846    0.0503313    0.0356027 
   0.2639372   -0.1150369    0.9576553   -1.0362692 
   0.0000000    0.0000000   -0.0000000    1.0000000 

image-135.png
   0.9296980   -0.2211532   -0.2945384   -2.5918974 
   0.2419540    0.9696317    0.0356727    0.2389852 
   0.2777047   -0.1044296    0.9549736   -0.9344219 
   0.0000000    0.0000000   -0.0000000    1.0000000 

image-138.png
   0.9296980   -0.2211532   -0.2945386   -2.6872415 
   0.2419540    0.9696317    0.0356728    0.2141719 
   0.2777048   -0.1044297    0.9549735   -0.9629019 
   0.0000000    0.0000000   -0.0000000    1.0000000 

image-139.png
   0.9339732   -0.2230672   -0.2791684   -3.0298616 
   0.2443964    0.9686941    0.0436146   -0.1962058 
   0.2606998   -0.1089627    0.9592511   -0.8974212 
   0.0000000    0.0000000   -0.0000000    1.0000000 

image-141.png
   0.9359703   -0.2227786   -0.2726338   -2.9837028 
   0.2451924    0.9681503    0.0506528   -0.3686796 
   0.2526662   -0.1142572    0.9607836   -0.8271415 
   0.0000000    0.0000000   -0.0000000    1.0000000 

image-145.png
   0.9266641   -0.2133098   -0.3095036   -3.0016815 
   0.2327686    0.9721599    0.0269046   -0.3741312 
   0.2951480   -0.0969743    0.9505176   -0.9114847 
   0.0000000    0.0000000   -0.0000000    1.0000000 

image-146.png
   0.9256339   -0.2143766   -0.3118407   -3.0092799 
   0.2339137    0.9719048    0.0261827   -0.3581845 
   0.2974665   -0.0971794    0.9497736   -0.9976677 
   0.0000000    0.0000000   -0.0000000    1.0000000 

image-150.png
   0.9039554   -0.1938760   -0.3811518   -1.9930508 
   0.2109015    0.9775028    0.0029680    0.0888486 
   0.3720015   -0.0830685    0.9245077   -1.2229491 
   0.0000000    0.0000000   -0.0000000    1.0000000 

image-151.png
   0.8583483   -0.2226058   -0.4622606   -3.4231704 
   0.3424601    0.9194710    0.1931172   -1.3575930 
   0.3820462   -0.3240676    0.8654599   -0.2276190 
   0.0000000    0.0000000    0.0000000    1.0000000 

image-152.png
   0.8298685   -0.2178944   -0.5136539   -4.1122947 
   0.3828072    0.8920990    0.2400377   -2.0398959 
   0.4059273   -0.3958301    0.8237364    0.1163664 
   0.0000000    0.0000000    0.0000000    1.0000000 

image-154.png
   0.8298685   -0.2178943   -0.5136539   -4.1030555 
   0.3828072    0.8920990    0.2400377   -2.0206482 
   0.4059272   -0.3958301    0.8237364    0.1165188 
   0.0000000    0.0000000    0.0000000    1.0000000 

image-157.png
   0.8864140   -0.1910075   -0.4216471   -3.7180040 
   0.3431403    0.8825164    0.3215892   -2.6353939 
   0.3106845   -0.4297453    0.8478173   -2.4563725 
   0.0000000    0.0000000    0.0000000    1.0000000 

image-158.png
   0.8864140   -0.1910075   -0.4216471   -3.4407312 
   0.3431403    0.8825163    0.3215892   -2.5280585 
   0.3106845   -0.4297453    0.8478172   -2.3591890 
   0.0000000    0.0000000    0.0000000    1.0000000 

image-160.png
   0.8949741   -0.1908019   -0.4032568   -3.3820572 
   0.3351479    0.8841629    0.3254718   -2.4763004 
   0.2944440   -0.4264395    0.8552497   -2.3597805 
  -0.0000000    0.0000000    0.0000000    1.0000000 

image-161.png
   0.8982719   -0.1852212   -0.3984979   -3.4245692 
   0.3362206    0.8735902    0.3518464   -2.6080003 
   0.2829545   -0.4500369    0.8469968   -2.2724721 
  -0.0000000    0.0000000    0.0000000    1.0000000 

image-162.png
   0.8583908   -0.2061215   -0.4697650   -3.3836592 
   0.3440967    0.9105183    0.2292466   -2.5036054 
   0.3804770   -0.3584277    0.8525062   -2.2315986 
   0.0000000    0.0000000    0.0000000    1.0000000 

image-163.png
   0.8761282   -0.1837157   -0.4456993   -3.3474562 
   0.3260066    0.9068693    0.2670353   -2.5174548 
   0.3551324   -0.3792581    0.8544263   -2.2843579 
   0.0000000    0.0000000    0.0000000    1.0000000 

image-164.png
   0.8677951   -0.2164967   -0.4472815   -3.2808224 
   0.3638550    0.8898692    0.2752134   -2.6111733 
   0.3384393   -0.4015745    0.8509975   -2.5299765 
   0.0000000    0.0000000    0.0000000    1.0000000 

image-165.png
   0.8099089   -0.2330046   -0.5382903   -3.2417777 
   0.3714854    0.9139618    0.1633172   -2.6184646 
   0.4539231   -0.3322390    0.8267836   -2.6140354 
   0.0000000    0.0000000    0.0000000    1.0000000 

image-166.png
   0.7934400   -0.2300699   -0.5634899   -3.2291177 
   0.3764944    0.9129529    0.1573813   -2.5932076 
   0.4782310   -0.3370234    0.8109934   -2.5481924 
   0.0000000    0.0000000    0.0000000    1.0000000 

image-167.png
   0.8081207   -0.1268645   -0.5751924   -3.2868340 
   0.2634593    0.9512518    0.1603408   -2.5924451 
   0.5268113   -0.2811145    0.8021500   -2.4818703 
   0.0000000    0.0000000    0.0000000    1.0000000 

image-168.png
   0.8080241   -0.1632567   -0.5660781   -3.2483553 
   0.2788077    0.9523987    0.1233008   -2.4261603 
   0.5190023   -0.2574569    0.8150782   -2.3943252 
   0.0000000    0.0000000    0.0000000    1.0000000 

image-169.png
   0.8169536   -0.1408047   -0.5592503   -3.2612213 
   0.2754199    0.9472596    0.1638384   -2.4624025 
   0.5066860   -0.2878771    0.8126476   -2.3940591 
   0.0000000    0.0000000    0.0000000    1.0000000 

image-170.png
   0.8062093   -0.1648250   -0.5682071   -3.5903122 
   0.3183350    0.9303846    0.1817894   -2.4446229 
   0.4986877   -0.3274405    0.8025542   -1.8760161 
   0.0000000    0.0000000    0.0000000    1.0000000 

image-171.png
   0.7751803   -0.1255569   -0.6191373   -3.2700747 
   0.3004412    0.9353950    0.1864705   -2.3871219 
   0.5557253   -0.3305626    0.7628223   -1.3103546 
   0.0000000    0.0000000    0.0000000    1.0000000 

image-172.png
   0.7101424   -0.2148105   -0.6704881   -3.0607442 
   0.3211458    0.9463082    0.0369616   -2.2312405 
   0.6265486   -0.2415724    0.7409991   -1.4072533 
   0.0000000    0.0000000    0.0000000    1.0000000 

image-173.png
   0.7000502   -0.2109145   -0.6822352   -3.3735350 
   0.3243309    0.9450708    0.0406293   -2.8419713 
   0.6361912   -0.2497125    0.7300030   -1.5281059 
   0.0000000    0.0000000    0.0000000    1.0000000 

image-174.png
   0.7145148   -0.2109569   -0.6670575   -3.4342783 
   0.3188713    0.9468620    0.0421121   -2.8778922 
   0.6227276   -0.2427952    0.7438151   -1.5350401 
   0.0000000    0.0000000    0.0000000    1.0000000 

image-175.png
   0.7229734   -0.1946778   -0.6628801   -3.6128696 
   0.3098225    0.9489485    0.0592177   -2.8762331 
   0.6175107   -0.2481880    0.7463801   -1.3798509 
   0.0000000    0.0000000    0.0000000    1.0000000 

image-176.png
   0.7229734   -0.1946777   -0.6628802   -3.6259350 
   0.3098225    0.9489485    0.0592178   -2.8125471 
   0.6175107   -0.2481881    0.7463800   -1.3965072 
   0.0000000    0.0000000    0.0000000    1.0000000 

image-177.png
   0.7229734   -0.1946778   -0.6628801   -3.9554764 
   0.3098225    0.9489485    0.0592177   -2.9537683 
   0.6175107   -0.2481880    0.7463801   -1.6779769 
   0.0000000    0.0000000    0.0000000    1.0000000 

image-178.png
   0.7229734   -0.1946778   -0.6628801   -3.9720565 
   0.3098225    0.9489485    0.0592176   -2.9608736 
   0.6175108   -0.2481880    0.7463801   -1.6921384 
   0.0000000    0.0000000    0.0000000    1.0000000 

image-179.png
   0.7229734   -0.1946778   -0.6628801   -4.0013790 
   0.3098225    0.9489485    0.0592176   -2.9734394 
   0.6175107   -0.2481879    0.7463801   -1.7171835 
   0.0000000    0.0000000    0.0000000    1.0000000 

image-180.png
   0.7229733   -0.1914377   -0.6638231   -4.0213453 
   0.3098225    0.9486480    0.0638519   -2.9819957 
   0.6175108   -0.2518306    0.7451589   -1.7342374 
   0.0000000    0.0000000    0.0000000    1.0000000 

image-182.png
   0.7229734   -0.1849443   -0.6656614   -3.9909041 
   0.3098225    0.9479790    0.0731153   -2.9689505 
   0.6175108   -0.2590973    0.7426635   -1.7082369 
   0.0000000    0.0000000    0.0000000    1.0000000 

image-183.png
   0.7229733   -0.1881934   -0.6647502   -4.0989179 
   0.3098225    0.9483248    0.0684842   -3.0152386 
   0.6175108   -0.2554668    0.7439201   -1.8004940 
   0.0000000    0.0000000    0.0000000    1.0000000 

image-184.png
   0.7494464   -0.2378804   -0.6178535   -3.7518899 
   0.3129441    0.9496689    0.0139632   -2.5075450 
   0.5834347   -0.2038183    0.7861692   -2.9558297 
   0.0000000    0.0000000   -0.0000000    1.0000000 

image-187.png
   0.7494464   -0.2348599   -0.6190080   -3.7731817 
   0.3129441    0.9495894    0.0186014   -2.5164357 
   0.5834347   -0.2076556    0.7851644   -2.9724051 
   0.0000000    0.0000000   -0.0000000    1.0000000 

image-188.png
   0.7494464   -0.2348598   -0.6190080   -3.6823767 
   0.3129441    0.9495894    0.0186014   -2.4785185 
   0.5834347   -0.2076557    0.7851644   -2.9017146 
   0.0000000    0.0000000   -0.0000000    1.0000000 

image-189.png
   0.7494464   -0.2348599   -0.6190080   -3.7338834 
   0.3129441    0.9495894    0.0186014   -2.5000260 
   0.5834348   -0.2076556    0.7851643   -2.9418120 
   0.0000000    0.0000000   -0.0000000    1.0000000 

image-192.png
   0.7494464   -0.2439039   -0.6155006   -3.8623706 
   0.3129441    0.9497600    0.0046868   -2.5536780 
   0.5834347   -0.1961298    0.7881225   -3.0418376 
   0.0000000    0.0000000   -0.0000000    1.0000000 

image-195.png
   0.7494464   -0.2499044   -0.6130887   -3.8870507 
   0.3129441    0.9497605   -0.0045907   -2.5639836 
   0.5834347   -0.1884220    0.7900007   -3.0610508 
   0.0000000    0.0000000   -0.0000000    1.0000000 

image-196.png
   0.7539110   -0.2543691   -0.6057347   -3.8440464 
   0.3129948    0.9497097   -0.0092560   -2.4552803 
   0.5776266   -0.1826136    0.7956129   -3.0270447 
   0.0000000    0.0000000   -0.0000000    1.0000000 

image-198.png
   0.7539110   -0.2484402   -0.6081905   -3.5830627 
   0.3129947    0.9497549    0.0000212   -2.3469299 
   0.5776266   -0.1903764    0.7937911   -2.8270856 
   0.0000000    0.0000000   -0.0000000    1.0000000 

image-200.png
   0.7568695   -0.2513988   -0.6032804   -3.6075498 
   0.3130022    0.9497474   -0.0030890   -2.4081027 
   0.5737406   -0.1864902    0.7975232   -2.8458458 
   0.0000000    0.0000000   -0.0000000    1.0000000 

image-206.png
   0.7569526   -0.2512838   -0.6032240   -3.5889031 
   0.3127813    0.9498199   -0.0031725   -2.3617465 
   0.5737513   -0.1862758    0.7975655   -2.8313168 
   0.0000000    0.0000000   -0.0000000    1.0000000 

image-208.png
   0.7569526   -0.2542271   -0.6019895   -3.8387532 
   0.3127814    0.9497930   -0.0078115   -2.4649874 
   0.5737513   -0.1823781    0.7984658   -3.0206967 
   0.0000000    0.0000000   -0.0000000    1.0000000 

image-209.png
   0.7569526   -0.2659374   -0.5969088   -4.0270801 
   0.3127814    0.9494592   -0.0263625   -2.5428063 
   0.5737513   -0.1667468    0.8018759   -3.1634434 
   0.0000000    0.0000000   -0.0000000    1.0000000 

image-210.png
   0.7569526   -0.2630188   -0.5982005   -4.0069130 
   0.3127814    0.9495767   -0.0217248   -2.5344730 
   0.5737513   -0.1706613    0.8010519   -3.1481573 
   0.0000000    0.0000000   -0.0000000    1.0000000 

image-211.png
   0.7569526   -0.2424249   -0.6068384   -3.1200729 
   0.3127814    0.9497645    0.0107346   -2.1680211 
   0.5737513   -0.1979333    0.7947527   -2.4759543 
   0.0000000    0.0000000   -0.0000000    1.0000000 

image-212.png
   0.7560620   -0.2430887   -0.6076826   -3.1012001 
   0.3123640    0.9499232    0.0086409   -2.1209943 
   0.5751513   -0.1963513    0.7941330   -2.4606484 
   0.0000000    0.0000000   -0.0000000    1.0000000 

image-214.png
   0.7560620   -0.2401178   -0.6088627   -3.0750246 
   0.3123640    0.9498697    0.0132805   -2.1101800 
   0.5751513   -0.2002276    0.7931645   -2.4407361 
   0.0000000    0.0000000   -0.0000000    1.0000000 

image-217.png
   0.7575460   -0.2416016   -0.6064262   -3.0117291 
   0.3123335    0.9499002    0.0117237   -1.9553313 
   0.5732119   -0.1982884    0.7950533   -2.3947416 
   0.0000000    0.0000000   -0.0000000    1.0000000 

image-221.png
   0.8465533   -0.2213278   -0.4841089   -3.0362054 
   0.3166956    0.9404055    0.1238603   -2.1282377 
   0.4278450   -0.2581696    0.8661970   -2.4766985 
   0.0000000    0.0000000   -0.0000000    1.0000000 

image-222.png
   0.8465543   -0.2213276   -0.4841073   -3.7065958 
   0.3166952    0.9404056    0.1238610   -3.4761519 
   0.4278433   -0.2581695    0.8661978   -2.6586351 
   0.0000000    0.0000000   -0.0000000    1.0000000 

image-223.png
   0.8750828   -0.1657419   -0.4547084   -4.0333497 
   0.3031947    0.9200556    0.2481344   -3.7965965 
   0.3772307   -0.3550033    0.8553769   -2.6060310 
   0.0000000    0.0000000   -0.0000000    1.0000000 

image-225.png
   0.8750828   -0.1679608   -0.4538935   -4.0739172 
   0.3031947    0.9212566    0.2436377   -3.8106521 
   0.3772307   -0.3508212    0.8571006   -2.6235189 
   0.0000000    0.0000000   -0.0000000    1.0000000 

image-226.png
   0.8764206   -0.2108207   -0.4329453   -4.5183616 
   0.3456406    0.9014111    0.2607500   -3.3082590 
   0.3352902   -0.3781702    0.8628834   -1.7751276 
   0.0000000    0.0000000    0.0000000    1.0000000 

image-229.png
   0.8775338   -0.2122752   -0.4299693   -4.4683900 
   0.3448121    0.9024650    0.2581890   -3.2450604 
   0.3332252   -0.3748282    0.8651386   -1.7701206 
   0.0000000    0.0000000    0.0000000    1.0000000 

image-230.png
   0.8775339   -0.2122752   -0.4299692   -4.4229066 
   0.3448120    0.9024650    0.2581890   -3.1597848 
   0.3332251   -0.3748281    0.8651387   -1.7729650 
   0.0000000    0.0000000    0.0000000    1.0000000 

image-231.png
   0.7752870   -0.2698859   -0.5710443   -4.1164808 
   0.5041867    0.8090066    0.3021656   -2.9104637 
   0.3804284   -0.5221780    0.7632852   -2.0205349 
   0.0000000   -0.0000000    0.0000000    1.0000000 

image-232.png
   0.7669398   -0.2739068   -0.5803262   -4.0175038 
   0.5085296    0.8109979    0.2892749   -2.4354974 
   0.3914090   -0.5169695    0.7612763   -1.9887018 
   0.0000000   -0.0000000    0.0000000    1.0000000 

image-237.png
   0.7322064   -0.3163020   -0.6031806   -3.9638145 
   0.5679507    0.7723566    0.2844243   -2.4301191 
   0.3759066   -0.5508342    0.7451684   -2.0361376 
   0.0000000   -0.0000000    0.0000000    1.0000000 

Demo complete! Exiting ...
